;transcript1_ENSMPUG00000020072;transcript1_ENSMLUG00000027828;transcript1_ENSCCNG00000000226;transcript1_ENSLAFG00000030854;transcript10_ENSMLUG00000027828;transcript7_ENSCCNG00000000226;transcript15_ENSCCNG00000000226
transcript1_ENSMPUG00000020072;1.0;1.0;1.0;1.0;0.935;0.996;0.989
transcript1_ENSMLUG00000027828;1.0;1.0;1.0;1.0;0.937;0.993;0.987
transcript1_ENSCCNG00000000226;1.0;1.0;1.0;1.0;0.937;0.995;0.988
transcript1_ENSLAFG00000030854;1.0;1.0;1.0;1.0;0.937;0.995;0.988
transcript10_ENSMLUG00000027828;0.935;0.937;0.937;0.937;1.0;0.93;0.924
transcript7_ENSCCNG00000000226;0.996;0.993;0.995;0.995;0.93;1.0;0.993
transcript15_ENSCCNG00000000226;0.989;0.987;0.988;0.988;0.924;0.993;1.0
