;ENSCAFT00000018483_90_90;ENST00000274000_90_90;ENST00000309703_90_90;ENST00000512741_90_90;ENSMUST00000051737_90_90;ENSMUST00000196392_90_90;ENSMUST00000200409_90_90
ENSCAFT00000018483_90_90;1.0;0.968;0.882;0.216;0.913;0.26;0.817
ENST00000274000_90_90;0.968;1.0;0.914;0.175;0.871;0.28;0.774
ENST00000309703_90_90;0.882;0.914;1.0;0.194;0.774;0.308;0.859
ENST00000512741_90_90;0.216;0.175;0.194;1.0;0.223;0.0;0.248
ENSMUST00000051737_90_90;0.913;0.871;0.774;0.223;1.0;0.164;0.895
ENSMUST00000196392_90_90;0.26;0.28;0.308;0.0;0.164;1.0;0.179
ENSMUST00000200409_90_90;0.817;0.774;0.859;0.248;0.895;0.179;1.0
