;transcript9_ENSAPOG00000016134;transcript16_ENSAPOG00000016134;transcript16_ENSAPOG00000023408;transcript16_ENSAOCG00000015695;transcript24_ENSAPOG00000016134;transcript29_ENSAPOG00000016134;transcript8_ENSAPOG00000023408
transcript9_ENSAPOG00000016134;1.0;0.696;0.696;0.696;0.891;0.752;0.32
transcript16_ENSAPOG00000016134;0.696;1.0;1.0;1.0;0.774;0.917;0.237
transcript16_ENSAPOG00000023408;0.696;1.0;1.0;1.0;0.774;0.917;0.237
transcript16_ENSAOCG00000015695;0.696;1.0;1.0;1.0;0.774;0.917;0.237
transcript24_ENSAPOG00000016134;0.891;0.774;0.774;0.774;1.0;0.843;0.291
transcript29_ENSAPOG00000016134;0.752;0.917;0.917;0.917;0.843;1.0;0.252
transcript8_ENSAPOG00000023408;0.32;0.237;0.237;0.237;0.291;0.252;1.0
