;ENSCAFT00000009475_90_90;ENST00000383775_90_90;ENST00000488423_90_90;ENSMUST00000022461_90_90;ENSMUST00000067955_90_90;ENSMUST00000112000_90_90;ENSMUST00000112001_90_90;ENSMUST00000124303_90_90
ENSCAFT00000009475_90_90;1.0;0.494;0.896;0.252;0.252;0.266;0.494;0.218
ENST00000383775_90_90;0.494;1.0;0.57;0.464;0.464;0.486;0.365;0.431
ENST00000488423_90_90;0.896;0.57;1.0;0.307;0.307;0.321;0.566;0.275
ENSMUST00000022461_90_90;0.252;0.464;0.307;1.0;1.0;0.658;0.291;0.647
ENSMUST00000067955_90_90;0.252;0.464;0.307;1.0;1.0;0.658;0.291;0.647
ENSMUST00000112000_90_90;0.266;0.486;0.321;0.658;0.658;1.0;0.309;0.358
ENSMUST00000112001_90_90;0.494;0.365;0.566;0.291;0.291;0.309;1.0;0.383
ENSMUST00000124303_90_90;0.218;0.431;0.275;0.647;0.647;0.358;0.383;1.0
