;ENSCAFT00000030629_90_90;ENST00000164640_90_90;ENST00000393758_90_90;ENST00000480650_90_90;ENST00000544474_90_90;ENSMUST00000002080_90_90;ENSMUST00000114438_90_90
ENSCAFT00000030629_90_90;1.0;0.476;0.455;0.095;0.45;0.65;0.579
ENST00000164640_90_90;0.476;1.0;0.933;0.111;0.857;0.5;0.5
ENST00000393758_90_90;0.455;0.933;1.0;0.167;0.8;0.476;0.474
ENST00000480650_90_90;0.095;0.111;0.167;1.0;0.059;0.1;0.118
ENST00000544474_90_90;0.45;0.857;0.8;0.059;1.0;0.474;0.562
ENSMUST00000002080_90_90;0.65;0.5;0.476;0.1;0.474;1.0;0.812
ENSMUST00000114438_90_90;0.579;0.5;0.474;0.118;0.562;0.812;1.0
