;transcript26_ENSNGAG00000018584;transcript33_ENSNGAG00000018584;transcript34_ENSNGAG00000018584;transcript35_ENSNGAG00000018584;transcript27_ENSSTOG00000019743;transcript22_ENSCCNG00000000226;transcript35_ENSCCNG00000000226;transcript21_ENSCPOG00000024843
transcript26_ENSNGAG00000018584;1.0;0.985;0.903;0.753;0.762;0.617;0.56;0.762
transcript33_ENSNGAG00000018584;0.985;1.0;0.917;0.764;0.762;0.605;0.547;0.75
transcript34_ENSNGAG00000018584;0.903;0.917;1.0;0.68;0.702;0.539;0.585;0.687
transcript35_ENSNGAG00000018584;0.753;0.764;0.68;1.0;0.593;0.442;0.38;0.572
transcript27_ENSSTOG00000019743;0.762;0.762;0.702;0.593;1.0;0.803;0.732;1.0
transcript22_ENSCCNG00000000226;0.617;0.605;0.539;0.442;0.803;1.0;0.91;0.806
transcript35_ENSCCNG00000000226;0.56;0.547;0.585;0.38;0.732;0.91;1.0;0.734
transcript21_ENSCPOG00000024843;0.762;0.75;0.687;0.572;1.0;0.806;0.734;1.0
