;ENSCAFT00000008032_90_90;ENST00000345008_90_90;ENST00000397463_90_90;ENST00000449209_90_90;ENSMUST00000027582_90_90;ENSMUST00000159417_90_90;ENSMUST00000159529_90_90;ENSMUST00000161361_90_90;ENSMUST00000162899_90_90
ENSCAFT00000008032_90_90;1.0;0.133;0.278;0.071;0.273;0.412;0.273;0.182;0.273
ENST00000345008_90_90;0.133;1.0;0.5;0.0;0.286;0.267;0.286;0.143;0.286
ENST00000397463_90_90;0.278;0.5;1.0;0.231;0.154;0.316;0.154;0.077;0.154
ENST00000449209_90_90;0.071;0.0;0.231;1.0;0.0;0.0;0.0;0.0;0.0
ENSMUST00000027582_90_90;0.273;0.286;0.154;0.0;1.0;0.231;1.0;0.667;1.0
ENSMUST00000159417_90_90;0.412;0.267;0.316;0.0;0.231;1.0;0.231;0.154;0.231
ENSMUST00000159529_90_90;0.273;0.286;0.154;0.0;1.0;0.231;1.0;0.667;1.0
ENSMUST00000161361_90_90;0.182;0.143;0.077;0.0;0.667;0.154;0.667;1.0;0.667
ENSMUST00000162899_90_90;0.273;0.286;0.154;0.0;1.0;0.231;1.0;0.667;1.0
