transcripts;transcript40_ENSRNOG00000031503;transcript47_ENSRNOG00000031503;transcript20_ENSMUGG00000013649;transcript47_ENSMUGG00000013649;transcript20_ENSMUGG00000013592;transcript19_ENSPEMG00000024651;transcript38_ENSPEMG00000024651;transcript47_ENSPEMG00000024651;transcript27_ENSNGAG00000018584;transcript7_ENSSTOG00000019743;transcript24_ENSSTOG00000019743;transcript25_ENSSTOG00000019743;transcript32_ENSSTOG00000019743
transcript40_ENSRNOG00000031503;1.0;0.766;0.949;0.814;0.842;0.907;0.907;0.771;0.741;0.949;0.814;0.949;0.949
transcript47_ENSRNOG00000031503;0.766;1.0;0.727;0.591;0.619;0.682;0.682;0.547;0.514;0.727;0.591;0.727;0.727
transcript20_ENSMUGG00000013649;0.949;0.727;1.0;0.856;0.884;0.94;0.94;0.806;0.759;1.0;0.856;1.0;1.0
transcript47_ENSMUGG00000013649;0.814;0.591;0.856;1.0;0.948;0.813;0.813;0.941;0.886;0.856;1.0;0.856;0.856
transcript20_ENSMUGG00000013592;0.842;0.619;0.884;0.948;1.0;0.841;0.841;0.891;0.839;0.884;0.948;0.884;0.884
transcript19_ENSPEMG00000024651;0.907;0.682;0.94;0.813;0.841;1.0;1.0;0.857;0.715;0.94;0.813;0.94;0.94
transcript38_ENSPEMG00000024651;0.907;0.682;0.94;0.813;0.841;1.0;1.0;0.857;0.715;0.94;0.813;0.94;0.94
transcript47_ENSPEMG00000024651;0.771;0.547;0.806;0.941;0.891;0.857;0.857;1.0;0.827;0.806;0.941;0.806;0.806
transcript27_ENSNGAG00000018584;0.741;0.514;0.759;0.886;0.839;0.715;0.715;0.827;1.0;0.759;0.886;0.759;0.759
transcript7_ENSSTOG00000019743;0.949;0.727;1.0;0.856;0.884;0.94;0.94;0.806;0.759;1.0;0.856;1.0;1.0
transcript24_ENSSTOG00000019743;0.814;0.591;0.856;1.0;0.948;0.813;0.813;0.941;0.886;0.856;1.0;0.856;0.856
transcript25_ENSSTOG00000019743;0.949;0.727;1.0;0.856;0.884;0.94;0.94;0.806;0.759;1.0;0.856;1.0;1.0
transcript32_ENSSTOG00000019743;0.949;0.727;1.0;0.856;0.884;0.94;0.94;0.806;0.759;1.0;0.856;1.0;1.0
