;transcript21_ENSCPOG00000024843;transcript27_ENSSTOG00000019743;transcript35_ENSCCNG00000000226;transcript26_ENSNGAG00000018584;transcript33_ENSNGAG00000018584;transcript34_ENSNGAG00000018584;transcript35_ENSNGAG00000018584;transcript22_ENSCCNG00000000226
transcript21_ENSCPOG00000024843;1.0;0.816;0.349;0.635;0.624;0.58;0.306;0.681
transcript27_ENSSTOG00000019743;0.816;1.0;0.388;0.602;0.589;0.561;0.355;0.611
transcript35_ENSCCNG00000000226;0.349;0.388;1.0;0.314;0.319;0.339;0.561;0.503
transcript26_ENSNGAG00000018584;0.635;0.602;0.314;1.0;0.981;0.914;0.481;0.592
transcript33_ENSNGAG00000018584;0.624;0.589;0.319;0.981;1.0;0.931;0.491;0.577
transcript34_ENSNGAG00000018584;0.58;0.561;0.339;0.914;0.931;1.0;0.527;0.526
transcript35_ENSNGAG00000018584;0.306;0.355;0.561;0.481;0.491;0.527;1.0;0.308
transcript22_ENSCCNG00000000226;0.681;0.611;0.503;0.592;0.577;0.526;0.308;1.0
