;ENSCAFT00000007604_90_90;ENST00000307296_90_90;ENST00000412887_90_90;ENST00000413073_90_90;ENST00000430877_90_90;ENST00000435909_90_90;ENST00000457054_90_90;ENSMUST00000035086_90_90;ENSMUST00000111861_90_90
ENSCAFT00000007604_90_90;1.0;0.955;0.187;0.27;0.132;0.085;0.955;1.0;1.0
ENST00000307296_90_90;0.955;1.0;0.175;0.316;0.078;0.082;0.956;0.955;0.913
ENST00000412887_90_90;0.187;0.175;1.0;0.091;0.0;0.0;0.166;0.187;0.175
ENST00000413073_90_90;0.27;0.316;0.091;1.0;0.287;0.307;0.296;0.27;0.254
ENST00000430877_90_90;0.132;0.078;0.0;0.287;1.0;0.558;0.075;0.132;0.123
ENST00000435909_90_90;0.085;0.082;0.0;0.307;0.558;1.0;0.079;0.085;0.082
ENST00000457054_90_90;0.955;0.956;0.166;0.296;0.075;0.079;1.0;0.913;0.959
ENSMUST00000035086_90_90;1.0;0.955;0.187;0.27;0.132;0.085;0.913;1.0;0.959
ENSMUST00000111861_90_90;1.0;0.913;0.175;0.254;0.123;0.082;0.959;0.959;1.0
