;ENSCAFT00000018483_90_90;ENST00000274000_90_90;ENST00000309703_90_90;ENST00000512741_90_90;ENSMUST00000051737_90_90;ENSMUST00000196392_90_90;ENSMUST00000200409_90_90
ENSCAFT00000018483_90_90;1.0;0.996;0.887;0.242;0.987;0.1;0.877
ENST00000274000_90_90;0.996;1.0;0.891;0.24;0.982;0.1;0.873
ENST00000309703_90_90;0.887;0.891;1.0;0.269;0.873;0.112;0.98
ENST00000512741_90_90;0.242;0.24;0.269;1.0;0.243;0.0;0.273
ENSMUST00000051737_90_90;0.987;0.982;0.873;0.243;1.0;0.096;0.889
ENSMUST00000196392_90_90;0.1;0.1;0.112;0.0;0.096;1.0;0.108
ENSMUST00000200409_90_90;0.877;0.873;0.98;0.273;0.889;0.108;1.0
