;ENSCAFT00000004081_90_90;ENST00000320755_90_90;ENST00000357250_90_90;ENST00000370496_90_90;ENSMUST00000054588_90_90;ENSMUST00000088349_90_90
ENSCAFT00000004081_90_90;1.0;0.604;0.893;0.377;0.905;0.615
ENST00000320755_90_90;0.604;1.0;0.692;0.061;0.68;0.984
ENST00000357250_90_90;0.893;0.692;1.0;0.352;0.988;0.68
ENST00000370496_90_90;0.377;0.061;0.352;1.0;0.341;0.05
ENSMUST00000054588_90_90;0.905;0.68;0.988;0.341;1.0;0.691
ENSMUST00000088349_90_90;0.615;0.984;0.68;0.05;0.691;1.0
