;ENSCAFT00000011750_90_90;ENSCAFT00000043735_90_90;ENST00000517885_90_90;ENST00000522677_90_90;ENST00000524176_90_90;ENSMUST00000088658_90_90;ENSMUST00000115468_90_90;ENSMUST00000188212_90_90
ENSCAFT00000011750_90_90;1.0;0.716;0.441;0.718;0.726;0.715;0.723;0.402
ENSCAFT00000043735_90_90;0.716;1.0;0.541;0.995;0.92;0.996;0.92;0.335
ENST00000517885_90_90;0.441;0.541;1.0;0.545;0.465;0.545;0.465;0.173
ENST00000522677_90_90;0.718;0.995;0.545;1.0;0.92;0.997;0.917;0.336
ENST00000524176_90_90;0.726;0.92;0.465;0.92;1.0;0.917;0.997;0.364
ENSMUST00000088658_90_90;0.715;0.996;0.545;0.997;0.917;1.0;0.92;0.335
ENSMUST00000115468_90_90;0.723;0.92;0.465;0.917;0.997;0.92;1.0;0.364
ENSMUST00000188212_90_90;0.402;0.335;0.173;0.336;0.364;0.335;0.364;1.0
