;ENSCAFT00000014095_90_90;ENSCAFT00000038532_90_90;ENST00000312465_90_90;ENST00000456523_90_90;ENST00000507780_90_90;ENSMUST00000031280_90_90;ENSMUST00000200059_90_90
ENSCAFT00000014095_90_90;1.0;0.667;0.636;1.0;0.375;0.667;1.0
ENSCAFT00000038532_90_90;0.667;1.0;1.0;0.636;0.364;1.0;0.667
ENST00000312465_90_90;0.636;1.0;1.0;0.636;0.333;1.0;0.667
ENST00000456523_90_90;1.0;0.636;0.636;1.0;0.333;0.667;1.0
ENST00000507780_90_90;0.375;0.364;0.333;0.333;1.0;0.444;0.429
ENSMUST00000031280_90_90;0.667;1.0;1.0;0.667;0.444;1.0;0.7
ENSMUST00000200059_90_90;1.0;0.667;0.667;1.0;0.429;0.7;1.0
