;transcript23_ENSMPUG00000020072;transcript25_ENSMPUG00000020072;transcript26_ENSMPUG00000020072;transcript27_ENSMPUG00000020072;transcript28_ENSMPUG00000020072;transcript14_ENSECAG00000007947;transcript20_ENSECAG00000007947;transcript30_ENSECAG00000007947
transcript23_ENSMPUG00000020072;1.0;0.721;0.965;0.919;0.919;1.0;1.0;1.0
transcript25_ENSMPUG00000020072;0.721;1.0;0.747;0.785;0.785;0.721;0.721;0.721
transcript26_ENSMPUG00000020072;0.965;0.747;1.0;0.952;0.952;0.965;0.965;0.965
transcript27_ENSMPUG00000020072;0.919;0.785;0.952;1.0;1.0;0.919;0.919;0.919
transcript28_ENSMPUG00000020072;0.919;0.785;0.952;1.0;1.0;0.919;0.919;0.919
transcript14_ENSECAG00000007947;1.0;0.721;0.965;0.919;0.919;1.0;0.992;1.0
transcript20_ENSECAG00000007947;1.0;0.721;0.965;0.919;0.919;0.992;1.0;0.992
transcript30_ENSECAG00000007947;1.0;0.721;0.965;0.919;0.919;1.0;0.992;1.0
