;transcript1_ENSMPUG00000020072;transcript1_ENSMLUG00000027828;transcript1_ENSCCNG00000000226;transcript1_ENSLAFG00000030854;transcript10_ENSMLUG00000027828;transcript7_ENSCCNG00000000226;transcript15_ENSCCNG00000000226
transcript1_ENSMPUG00000020072;1.0;0.637;0.621;0.756;0.612;0.62;0.615
transcript1_ENSMLUG00000027828;0.637;1.0;0.644;0.696;0.955;0.64;0.639
transcript1_ENSCCNG00000000226;0.621;0.644;1.0;0.756;0.621;0.996;0.99
transcript1_ENSLAFG00000030854;0.756;0.696;0.756;1.0;0.664;0.753;0.749
transcript10_ENSMLUG00000027828;0.612;0.955;0.621;0.664;1.0;0.617;0.616
transcript7_ENSCCNG00000000226;0.62;0.64;0.996;0.753;0.617;1.0;0.994
transcript15_ENSCCNG00000000226;0.615;0.639;0.99;0.749;0.616;0.994;1.0
