;ENSCAFT00000018938_90_90;ENST00000344384_90_90;ENST00000380470_90_90;ENST00000480796_90_90;ENST00000485437_90_90;ENSMUST00000033755_90_90;ENSMUST00000036858_90_90
ENSCAFT00000018938_90_90;1.0;0.871;0.686;0.732;0.329;0.897;0.735
ENST00000344384_90_90;0.871;1.0;0.678;0.725;0.31;0.967;0.722
ENST00000380470_90_90;0.686;0.678;1.0;0.947;0.463;0.69;0.943
ENST00000480796_90_90;0.732;0.725;0.947;1.0;0.51;0.738;0.996
ENST00000485437_90_90;0.329;0.31;0.463;0.51;1.0;0.316;0.51
ENSMUST00000033755_90_90;0.897;0.967;0.69;0.738;0.316;1.0;0.741
ENSMUST00000036858_90_90;0.735;0.722;0.943;0.996;0.51;0.741;1.0
