;ENSCAFT00000000140_90_90;ENST00000266970_90_90;ENST00000354056_90_90;ENST00000440311_90_90;ENST00000553376_90_90;ENST00000555357_90_90;ENST00000555408_90_90;ENSMUST00000026415_90_90;ENSMUST00000026416_90_90
ENSCAFT00000000140_90_90;1.0;1.0;0.843;0.699;1.0;0.165;0.165;1.0;1.0
ENST00000266970_90_90;1.0;1.0;0.859;0.733;0.859;0.208;0.208;1.0;0.859
ENST00000354056_90_90;0.843;0.859;1.0;0.851;0.738;0.239;0.239;0.859;0.738
ENST00000440311_90_90;0.699;0.733;0.851;1.0;0.629;0.281;0.281;0.733;0.629
ENST00000553376_90_90;1.0;0.859;0.738;0.629;1.0;0.181;0.181;0.859;1.0
ENST00000555357_90_90;0.165;0.208;0.239;0.281;0.181;1.0;1.0;0.232;0.199
ENST00000555408_90_90;0.165;0.208;0.239;0.281;0.181;1.0;1.0;0.232;0.199
ENSMUST00000026415_90_90;1.0;1.0;0.859;0.733;0.859;0.232;0.232;1.0;0.859
ENSMUST00000026416_90_90;1.0;0.859;0.738;0.629;1.0;0.199;0.199;0.859;1.0
