;ENSCAFT00000011750_90_90;ENSCAFT00000043735_90_90;ENST00000517885_90_90;ENST00000522677_90_90;ENST00000524176_90_90;ENSMUST00000088658_90_90;ENSMUST00000115468_90_90;ENSMUST00000188212_90_90
ENSCAFT00000011750_90_90;1.0;0.716;0.438;0.715;0.725;0.714;0.723;0.4
ENSCAFT00000043735_90_90;0.716;1.0;0.543;0.998;0.921;0.997;0.92;0.335
ENST00000517885_90_90;0.438;0.543;1.0;0.545;0.465;0.545;0.465;0.171
ENST00000522677_90_90;0.715;0.998;0.545;1.0;0.92;0.998;0.918;0.334
ENST00000524176_90_90;0.725;0.921;0.465;0.92;1.0;0.918;0.998;0.363
ENSMUST00000088658_90_90;0.714;0.997;0.545;0.998;0.918;1.0;0.92;0.335
ENSMUST00000115468_90_90;0.723;0.92;0.465;0.918;0.998;0.92;1.0;0.364
ENSMUST00000188212_90_90;0.4;0.335;0.171;0.334;0.363;0.335;0.364;1.0
