;ENSCAFT00000003726_90_90;ENSCAFT00000003727_90_90;ENST00000502815_90_90;ENST00000504896_90_90;ENST00000506700_90_90;ENST00000506720_90_90;ENST00000506746_90_90;ENST00000507164_90_90;ENST00000507625_90_90;ENST00000508693_90_90;ENST00000508946_90_90;ENST00000509896_90_90;ENST00000511324_90_90;ENST00000512091_90_90;ENST00000514157_90_90;ENST00000514591_90_90;ENST00000514996_90_90;ENSMUST00000036068_90_90;ENSMUST00000072521_90_90;ENSMUST00000117253_90_90;ENSMUST00000117407_90_90;ENSMUST00000117985_90_90;ENSMUST00000118034_90_90;ENSMUST00000118078_90_90;ENSMUST00000118442_90_90;ENSMUST00000119385_90_90;ENSMUST00000119788_90_90;ENSMUST00000120128_90_90;ENSMUST00000120144_90_90;ENSMUST00000120292_90_90;ENSMUST00000120445_90_90;ENSMUST00000120673_90_90;ENSMUST00000121641_90_90;ENSMUST00000121707_90_90;ENSMUST00000122037_90_90;ENSMUST00000122356_90_90;ENSMUST00000124117_90_90;ENSMUST00000132375_90_90
ENSCAFT00000003726_90_90;1.0;0.559;0.653;0.474;0.474;0.448;0.448;0.448;0.448;0.448;0.474;0.448;0.448;0.474;0.474;0.474;0.474;0.585;0.584;0.459;0.473;0.616;0.616;0.499;0.473;0.473;0.584;0.499;0.499;0.499;0.473;0.584;0.584;0.584;0.616;0.584;0.739;0.0
ENSCAFT00000003727_90_90;0.559;1.0;0.356;0.824;0.824;0.879;0.879;0.879;0.879;0.879;0.824;0.879;0.879;0.824;0.824;0.824;0.824;0.939;0.941;0.744;0.831;0.889;0.889;0.779;0.831;0.831;0.941;0.779;0.779;0.779;0.831;0.941;0.941;0.941;0.889;0.941;0.442;0.147
ENST00000502815_90_90;0.653;0.356;1.0;0.328;0.352;0.472;0.482;0.32;0.51;0.314;0.494;0.33;0.336;0.345;0.334;0.522;0.505;0.324;0.323;0.391;0.346;0.335;0.345;0.381;0.352;0.36;0.324;0.371;0.365;0.357;0.34;0.319;0.327;0.332;0.36;0.341;0.616;0.0
ENST00000504896_90_90;0.474;0.824;0.328;1.0;0.904;0.771;0.748;0.924;0.693;0.951;0.805;0.887;0.861;0.933;0.972;0.748;0.78;0.752;0.754;0.921;0.864;0.801;0.772;0.867;0.852;0.824;0.752;0.896;0.909;0.94;0.893;0.765;0.737;0.726;0.733;0.699;0.278;0.132
ENST00000506700_90_90;0.474;0.824;0.352;0.904;1.0;0.693;0.708;0.883;0.75;0.861;0.723;0.918;0.946;0.968;0.93;0.765;0.74;0.774;0.775;0.877;0.868;0.752;0.776;0.961;0.879;0.907;0.726;0.929;0.916;0.889;0.843;0.716;0.737;0.8;0.81;0.769;0.299;0.152
ENST00000506720_90_90;0.448;0.879;0.472;0.771;0.693;1.0;0.974;0.789;0.915;0.814;0.956;0.758;0.735;0.716;0.748;0.897;0.93;0.764;0.765;0.831;0.825;0.778;0.75;0.738;0.813;0.786;0.813;0.765;0.777;0.803;0.852;0.826;0.796;0.738;0.71;0.758;0.266;0.13
ENST00000506746_90_90;0.448;0.879;0.482;0.748;0.708;0.974;1.0;0.808;0.939;0.789;0.93;0.735;0.752;0.693;0.765;0.871;0.954;0.736;0.738;0.853;0.846;0.75;0.772;0.756;0.786;0.805;0.784;0.738;0.796;0.777;0.825;0.796;0.821;0.758;0.731;0.78;0.272;0.136
ENST00000507164_90_90;0.448;0.879;0.32;0.924;0.883;0.789;0.808;1.0;0.752;0.972;0.748;0.909;0.934;0.861;0.95;0.693;0.765;0.77;0.772;0.899;0.94;0.737;0.758;0.846;0.873;0.897;0.77;0.824;0.888;0.864;0.914;0.783;0.805;0.794;0.718;0.766;0.27;0.131
ENST00000507625_90_90;0.448;0.879;0.51;0.693;0.75;0.915;0.939;0.752;1.0;0.735;0.871;0.776;0.795;0.732;0.708;0.925;0.893;0.786;0.787;0.787;0.825;0.729;0.752;0.806;0.836;0.859;0.788;0.784;0.774;0.754;0.803;0.778;0.803;0.812;0.786;0.839;0.287;0.15
ENST00000508693_90_90;0.448;0.879;0.314;0.951;0.861;0.814;0.789;0.972;0.735;1.0;0.771;0.936;0.909;0.887;0.924;0.716;0.748;0.798;0.8;0.876;0.914;0.765;0.737;0.824;0.902;0.873;0.798;0.852;0.864;0.893;0.943;0.811;0.783;0.772;0.699;0.745;0.265;0.125
ENST00000508946_90_90;0.474;0.824;0.494;0.805;0.723;0.956;0.93;0.748;0.871;0.771;1.0;0.716;0.693;0.748;0.78;0.939;0.973;0.718;0.719;0.873;0.777;0.817;0.786;0.775;0.765;0.738;0.766;0.803;0.816;0.845;0.803;0.778;0.75;0.692;0.745;0.71;0.279;0.137
ENST00000509896_90_90;0.448;0.879;0.33;0.887;0.918;0.758;0.735;0.909;0.776;0.936;0.716;1.0;0.97;0.948;0.861;0.757;0.693;0.854;0.855;0.811;0.894;0.745;0.716;0.879;0.964;0.933;0.803;0.911;0.843;0.873;0.924;0.792;0.764;0.825;0.745;0.795;0.279;0.137
ENST00000511324_90_90;0.448;0.879;0.336;0.861;0.946;0.735;0.752;0.934;0.795;0.909;0.693;0.97;1.0;0.918;0.883;0.732;0.708;0.823;0.825;0.833;0.921;0.716;0.737;0.907;0.933;0.963;0.774;0.879;0.868;0.843;0.894;0.764;0.786;0.851;0.769;0.821;0.284;0.143
ENST00000512091_90_90;0.474;0.824;0.345;0.933;0.968;0.716;0.693;0.861;0.732;0.887;0.748;0.948;0.918;1.0;0.904;0.792;0.723;0.804;0.805;0.854;0.843;0.782;0.752;0.929;0.911;0.879;0.756;0.962;0.889;0.92;0.873;0.745;0.716;0.775;0.784;0.745;0.292;0.145
ENST00000514157_90_90;0.474;0.824;0.334;0.972;0.93;0.748;0.765;0.95;0.708;0.924;0.78;0.861;0.883;0.904;1.0;0.723;0.8;0.724;0.726;0.947;0.888;0.772;0.795;0.892;0.824;0.846;0.724;0.867;0.936;0.909;0.864;0.737;0.758;0.746;0.754;0.718;0.283;0.138
ENST00000514591_90_90;0.474;0.824;0.522;0.748;0.765;0.897;0.871;0.693;0.925;0.716;0.939;0.757;0.732;0.792;0.723;1.0;0.911;0.767;0.768;0.807;0.754;0.799;0.766;0.827;0.814;0.784;0.77;0.858;0.792;0.823;0.781;0.76;0.729;0.738;0.801;0.76;0.294;0.151
ENST00000514996_90_90;0.474;0.824;0.505;0.78;0.74;0.93;0.954;0.765;0.893;0.748;0.973;0.693;0.708;0.723;0.8;0.911;1.0;0.69;0.692;0.898;0.796;0.786;0.812;0.796;0.738;0.756;0.736;0.775;0.838;0.816;0.777;0.75;0.772;0.711;0.768;0.731;0.284;0.143
ENSMUST00000036068_90_90;0.585;0.939;0.324;0.752;0.774;0.764;0.736;0.77;0.786;0.798;0.718;0.854;0.823;0.804;0.724;0.767;0.69;1.0;0.91;0.611;0.727;0.8;0.778;0.723;0.789;0.765;0.851;0.746;0.686;0.709;0.749;0.841;0.819;0.885;0.818;0.861;0.419;0.107
ENSMUST00000072521_90_90;0.584;0.941;0.323;0.754;0.775;0.765;0.738;0.772;0.787;0.8;0.719;0.855;0.825;0.805;0.726;0.768;0.692;0.91;1.0;0.661;0.794;0.872;0.847;0.798;0.869;0.843;0.926;0.824;0.752;0.776;0.819;0.916;0.89;0.972;0.898;0.945;0.432;0.146
ENSMUST00000117253_90_90;0.459;0.744;0.391;0.921;0.877;0.831;0.853;0.899;0.787;0.876;0.873;0.811;0.833;0.854;0.947;0.807;0.898;0.611;0.661;1.0;0.838;0.721;0.737;0.819;0.764;0.78;0.682;0.801;0.879;0.859;0.82;0.692;0.707;0.674;0.681;0.653;0.261;0.145
ENSMUST00000117407_90_90;0.473;0.831;0.346;0.864;0.868;0.825;0.846;0.94;0.825;0.914;0.777;0.894;0.921;0.843;0.888;0.754;0.796;0.727;0.794;0.838;1.0;0.785;0.804;0.887;0.913;0.936;0.738;0.865;0.95;0.926;0.974;0.827;0.849;0.815;0.746;0.79;0.31;0.144
ENSMUST00000117985_90_90;0.616;0.889;0.335;0.801;0.752;0.778;0.75;0.737;0.729;0.765;0.817;0.745;0.716;0.782;0.772;0.799;0.786;0.8;0.872;0.721;0.785;1.0;0.972;0.76;0.752;0.728;0.853;0.786;0.82;0.846;0.809;0.954;0.928;0.847;0.908;0.867;0.439;0.147
ENSMUST00000118034_90_90;0.616;0.889;0.345;0.772;0.776;0.75;0.772;0.758;0.752;0.737;0.786;0.716;0.737;0.752;0.795;0.766;0.812;0.778;0.847;0.737;0.804;0.972;1.0;0.78;0.728;0.746;0.828;0.76;0.842;0.82;0.785;0.928;0.954;0.868;0.933;0.889;0.448;0.154
ENSMUST00000118078_90_90;0.499;0.779;0.381;0.867;0.961;0.738;0.756;0.846;0.806;0.824;0.775;0.879;0.907;0.929;0.892;0.827;0.796;0.723;0.798;0.819;0.887;0.76;0.78;1.0;0.92;0.948;0.735;0.97;0.933;0.908;0.865;0.728;0.746;0.82;0.832;0.792;0.344;0.166
ENSMUST00000118442_90_90;0.473;0.831;0.352;0.852;0.879;0.813;0.786;0.873;0.836;0.902;0.765;0.964;0.933;0.911;0.824;0.814;0.738;0.789;0.869;0.764;0.913;0.752;0.728;0.92;1.0;0.972;0.803;0.949;0.865;0.891;0.939;0.796;0.77;0.843;0.772;0.818;0.321;0.15
ENSMUST00000119385_90_90;0.473;0.831;0.36;0.824;0.907;0.786;0.805;0.897;0.859;0.873;0.738;0.933;0.963;0.879;0.846;0.784;0.756;0.765;0.843;0.78;0.936;0.728;0.746;0.948;0.972;1.0;0.778;0.92;0.887;0.865;0.913;0.77;0.79;0.867;0.792;0.839;0.328;0.158
ENSMUST00000119788_90_90;0.584;0.941;0.324;0.752;0.726;0.813;0.784;0.77;0.788;0.798;0.766;0.803;0.774;0.756;0.724;0.77;0.736;0.851;0.926;0.682;0.738;0.853;0.828;0.735;0.803;0.778;1.0;0.76;0.697;0.72;0.76;0.895;0.871;0.9;0.876;0.921;0.424;0.14
ENSMUST00000120128_90_90;0.499;0.779;0.371;0.896;0.929;0.765;0.738;0.824;0.784;0.852;0.803;0.911;0.879;0.962;0.867;0.858;0.775;0.746;0.824;0.801;0.865;0.786;0.76;0.97;0.949;0.92;0.76;1.0;0.908;0.935;0.891;0.752;0.728;0.798;0.808;0.772;0.336;0.159
ENSMUST00000120144_90_90;0.499;0.779;0.365;0.909;0.916;0.777;0.796;0.888;0.774;0.864;0.816;0.843;0.868;0.889;0.936;0.792;0.838;0.686;0.752;0.879;0.95;0.82;0.842;0.933;0.865;0.887;0.697;0.908;1.0;0.972;0.926;0.785;0.804;0.77;0.78;0.746;0.325;0.151
ENSMUST00000120292_90_90;0.499;0.779;0.357;0.94;0.889;0.803;0.777;0.864;0.754;0.893;0.845;0.873;0.843;0.92;0.909;0.823;0.816;0.709;0.776;0.859;0.926;0.846;0.82;0.908;0.891;0.865;0.72;0.935;0.972;1.0;0.952;0.809;0.785;0.752;0.76;0.728;0.318;0.145
ENSMUST00000120445_90_90;0.473;0.831;0.34;0.893;0.843;0.852;0.825;0.914;0.803;0.943;0.803;0.924;0.894;0.873;0.864;0.781;0.777;0.749;0.819;0.82;0.974;0.809;0.785;0.865;0.939;0.913;0.76;0.891;0.926;0.952;1.0;0.853;0.827;0.794;0.728;0.77;0.304;0.139
ENSMUST00000120673_90_90;0.584;0.941;0.319;0.765;0.716;0.826;0.796;0.783;0.778;0.811;0.778;0.792;0.764;0.745;0.737;0.76;0.75;0.841;0.916;0.692;0.827;0.954;0.928;0.728;0.796;0.77;0.895;0.752;0.785;0.809;0.853;1.0;0.973;0.89;0.867;0.912;0.419;0.14
ENSMUST00000121641_90_90;0.584;0.941;0.327;0.737;0.737;0.796;0.821;0.805;0.803;0.783;0.75;0.764;0.786;0.716;0.758;0.729;0.772;0.819;0.89;0.707;0.849;0.928;0.954;0.746;0.77;0.79;0.871;0.728;0.804;0.785;0.827;0.973;1.0;0.913;0.889;0.936;0.427;0.146
ENSMUST00000121707_90_90;0.584;0.941;0.332;0.726;0.8;0.738;0.758;0.794;0.812;0.772;0.692;0.825;0.851;0.775;0.746;0.738;0.711;0.885;0.972;0.674;0.815;0.847;0.868;0.82;0.843;0.867;0.9;0.798;0.77;0.752;0.794;0.89;0.913;1.0;0.923;0.972;0.443;0.153
ENSMUST00000122037_90_90;0.616;0.889;0.36;0.733;0.81;0.71;0.731;0.718;0.786;0.699;0.745;0.745;0.769;0.784;0.754;0.801;0.768;0.818;0.898;0.681;0.746;0.908;0.933;0.832;0.772;0.792;0.876;0.808;0.78;0.76;0.728;0.867;0.889;0.923;1.0;0.95;0.475;0.17
ENSMUST00000122356_90_90;0.584;0.941;0.341;0.699;0.769;0.758;0.78;0.766;0.839;0.745;0.71;0.795;0.821;0.745;0.718;0.76;0.731;0.861;0.945;0.653;0.79;0.867;0.889;0.792;0.818;0.839;0.921;0.772;0.746;0.728;0.77;0.912;0.936;0.972;0.95;1.0;0.452;0.161
ENSMUST00000124117_90_90;0.739;0.442;0.616;0.278;0.299;0.266;0.272;0.27;0.287;0.265;0.279;0.279;0.284;0.292;0.283;0.294;0.284;0.419;0.432;0.261;0.31;0.439;0.448;0.344;0.321;0.328;0.424;0.336;0.325;0.318;0.304;0.419;0.427;0.443;0.475;0.452;1.0;0.0
ENSMUST00000132375_90_90;0.0;0.147;0.0;0.132;0.152;0.13;0.136;0.131;0.15;0.125;0.137;0.137;0.143;0.145;0.138;0.151;0.143;0.107;0.146;0.145;0.144;0.147;0.154;0.166;0.15;0.158;0.14;0.159;0.151;0.145;0.139;0.14;0.146;0.153;0.17;0.161;0.0;1.0
