;ENSCAFT00000007604_90_90;ENST00000307296_90_90;ENST00000412887_90_90;ENST00000413073_90_90;ENST00000430877_90_90;ENST00000435909_90_90;ENST00000457054_90_90;ENSMUST00000035086_90_90;ENSMUST00000111861_90_90
ENSCAFT00000007604_90_90;1.0;0.909;0.273;0.364;0.182;0.091;0.909;1.0;1.0
ENST00000307296_90_90;0.909;1.0;0.25;0.455;0.077;0.083;0.917;0.909;0.833
ENST00000412887_90_90;0.273;0.25;1.0;0.125;0.0;0.0;0.231;0.273;0.25
ENST00000413073_90_90;0.364;0.455;0.125;1.0;0.143;0.167;0.417;0.364;0.333
ENST00000430877_90_90;0.182;0.077;0.0;0.143;1.0;0.25;0.071;0.182;0.167
ENST00000435909_90_90;0.091;0.083;0.0;0.167;0.25;1.0;0.077;0.091;0.083
ENST00000457054_90_90;0.909;0.917;0.231;0.417;0.071;0.077;1.0;0.833;0.917
ENSMUST00000035086_90_90;1.0;0.909;0.273;0.364;0.182;0.091;0.833;1.0;0.923
ENSMUST00000111861_90_90;1.0;0.833;0.25;0.333;0.167;0.083;0.917;0.923;1.0
