;ENSCAFT00000018712_90_90;ENST00000236017_90_90;ENST00000360244_90_90;ENST00000369109_90_90;ENST00000414276_90_90;ENSMUST00000015894_90_90;ENSMUST00000056710_90_90;ENSMUST00000197081_90_90
ENSCAFT00000018712_90_90;1.0;0.0;0.0;0.513;0.515;0.0;0.513;0.0
ENST00000236017_90_90;0.0;1.0;0.518;0.45;0.41;0.518;0.45;0.241
ENST00000360244_90_90;0.0;0.518;1.0;0.756;0.526;1.0;0.756;0.243
ENST00000369109_90_90;0.513;0.45;0.756;1.0;0.757;0.756;1.0;0.204
ENST00000414276_90_90;0.515;0.41;0.526;0.757;1.0;0.526;0.757;0.269
ENSMUST00000015894_90_90;0.0;0.518;1.0;0.756;0.526;1.0;0.756;0.243
ENSMUST00000056710_90_90;0.513;0.45;0.756;1.0;0.757;0.756;1.0;0.204
ENSMUST00000197081_90_90;0.0;0.241;0.243;0.204;0.269;0.243;0.204;1.0
