;ENSCAFT00000009475_90_90;ENST00000383775_90_90;ENST00000488423_90_90;ENSMUST00000022461_90_90;ENSMUST00000067955_90_90;ENSMUST00000112000_90_90;ENSMUST00000112001_90_90;ENSMUST00000124303_90_90
ENSCAFT00000009475_90_90;1.0;0.691;0.996;0.504;0.504;0.504;0.643;0.439
ENST00000383775_90_90;0.691;1.0;0.695;0.437;0.437;0.483;0.489;0.468
ENST00000488423_90_90;0.996;0.695;1.0;0.348;0.348;0.377;0.648;0.355
ENSMUST00000022461_90_90;0.504;0.437;0.348;1.0;1.0;0.649;0.36;0.695
ENSMUST00000067955_90_90;0.504;0.437;0.348;1.0;1.0;0.649;0.36;0.695
ENSMUST00000112000_90_90;0.504;0.483;0.377;0.649;0.649;1.0;0.396;0.383
ENSMUST00000112001_90_90;0.643;0.489;0.648;0.36;0.36;0.396;1.0;0.48
ENSMUST00000124303_90_90;0.439;0.468;0.355;0.695;0.695;0.383;0.48;1.0
