;ENSCAFT00000011750_90_90;ENSCAFT00000043735_90_90;ENST00000517885_90_90;ENST00000522677_90_90;ENST00000524176_90_90;ENSMUST00000088658_90_90;ENSMUST00000115468_90_90;ENSMUST00000188212_90_90
ENSCAFT00000011750_90_90;1.0;0.558;0.414;0.7;0.683;0.631;0.609;0.452
ENSCAFT00000043735_90_90;0.558;1.0;0.508;0.947;0.85;0.972;0.873;0.301
ENST00000517885_90_90;0.414;0.508;1.0;0.573;0.407;0.562;0.391;0.15
ENST00000522677_90_90;0.7;0.947;0.573;1.0;0.835;0.973;0.802;0.329
ENST00000524176_90_90;0.683;0.85;0.407;0.835;1.0;0.802;0.964;0.399
ENSMUST00000088658_90_90;0.631;0.972;0.562;0.973;0.802;1.0;0.829;0.281
ENSMUST00000115468_90_90;0.609;0.873;0.391;0.802;0.964;0.829;1.0;0.329
ENSMUST00000188212_90_90;0.452;0.301;0.15;0.329;0.399;0.281;0.329;1.0
