;transcript28_ENSMUSG00000054036;transcript28_MGP-CAROLIEiJ-G0020234;transcript28_MGP-PahariEiJ-G0020237;transcript28_ENSRNOG00000031503;transcript7_ENSRNOG00000031503;transcript24_ENSRNOG00000031503;transcript24_ENSNGAG00000018584
transcript28_ENSMUSG00000054036;1.0;1.0;1.0;0.968;0.955;0.968;1.0
transcript28_MGP-CAROLIEiJ-G0020234;1.0;1.0;1.0;0.968;0.955;0.968;1.0
transcript28_MGP-PahariEiJ-G0020237;1.0;1.0;1.0;0.967;0.954;0.967;1.0
transcript28_ENSRNOG00000031503;0.968;0.968;0.967;1.0;0.732;0.742;0.716
transcript7_ENSRNOG00000031503;0.955;0.955;0.954;0.732;1.0;0.992;0.964
transcript24_ENSRNOG00000031503;0.968;0.968;0.967;0.742;0.992;1.0;0.972
transcript24_ENSNGAG00000018584;1.0;1.0;1.0;0.716;0.964;0.972;1.0
