;transcript8_ENSMPUG00000020072;transcript8_ENSECAG00000007947;transcript8_ENSMLUG00000027828;transcript8_ENSLAFG00000030854;transcript33_ENSECAG00000007947;transcript13_ENSCCNG00000000226;transcript12_ENSCPOG00000024843;transcript27_ENSCPOG00000024843;transcript34_ENSCPOG00000024843
transcript8_ENSMPUG00000020072;1.0;0.881;0.857;0.952;0.881;0.137;0.305;0.159;0.17
transcript8_ENSECAG00000007947;0.881;1.0;0.833;0.929;1.0;0.133;0.298;0.155;0.166
transcript8_ENSMLUG00000027828;0.857;0.833;1.0;0.905;0.833;0.13;0.29;0.151;0.162
transcript8_ENSLAFG00000030854;0.952;0.929;0.905;1.0;0.929;0.143;0.321;0.167;0.179
transcript33_ENSECAG00000007947;0.881;1.0;0.833;0.929;1.0;0.133;0.298;0.155;0.166
transcript13_ENSCCNG00000000226;0.137;0.133;0.13;0.143;0.133;1.0;0.447;0.7;0.737
transcript12_ENSCPOG00000024843;0.305;0.298;0.29;0.321;0.298;0.447;1.0;0.522;0.557
transcript27_ENSCPOG00000024843;0.159;0.155;0.151;0.167;0.155;0.7;0.522;1.0;0.936
transcript34_ENSCPOG00000024843;0.17;0.166;0.162;0.179;0.166;0.737;0.557;0.936;1.0
