;ENSCAFT00000024046_90_90;ENST00000295987_90_90;ENST00000340666_90_90;ENST00000639776_90_90;ENST00000640721_90_90;ENSMUST00000081893_90_90;ENSMUST00000115345_90_90
ENSCAFT00000024046_90_90;1.0;0.945;0.993;0.215;0.045;0.946;0.994
ENST00000295987_90_90;0.945;1.0;0.949;0.204;0.078;0.999;0.948
ENST00000340666_90_90;0.993;0.949;1.0;0.215;0.046;0.948;0.999
ENST00000639776_90_90;0.215;0.204;0.215;1.0;0.0;0.204;0.214
ENST00000640721_90_90;0.045;0.078;0.046;0.0;1.0;0.078;0.046
ENSMUST00000081893_90_90;0.946;0.999;0.948;0.204;0.078;1.0;0.949
ENSMUST00000115345_90_90;0.994;0.948;0.999;0.214;0.046;0.949;1.0
