;ENSCAFT00000009854_90_90;ENST00000228280_90_90;ENST00000347404_90_90;ENST00000357116_90_90;ENST00000552044_90_90;ENSMUST00000020129_90_90;ENSMUST00000105283_90_90;ENSMUST00000130190_90_90;ENSMUST00000218200_90_90
ENSCAFT00000009854_90_90;1.0;0.999;0.902;0.148;0.09;0.752;0.848;0.462;0.148
ENST00000228280_90_90;0.999;1.0;0.907;0.144;0.086;0.785;0.885;0.439;0.153
ENST00000347404_90_90;0.902;0.907;1.0;0.16;0.096;0.873;0.785;0.485;0.171
ENST00000357116_90_90;0.148;0.144;0.16;1.0;0.0;0.186;0.165;0.0;1.0
ENST00000552044_90_90;0.09;0.086;0.096;0.0;1.0;0.122;0.107;0.177;0.0
ENSMUST00000020129_90_90;0.752;0.785;0.873;0.186;0.122;1.0;0.893;0.377;0.177
ENSMUST00000105283_90_90;0.848;0.885;0.785;0.165;0.107;0.893;1.0;0.346;0.158
ENSMUST00000130190_90_90;0.462;0.439;0.485;0.0;0.177;0.377;0.346;1.0;0.0
ENSMUST00000218200_90_90;0.148;0.153;0.171;1.0;0.0;0.177;0.158;0.0;1.0
