;transcript5_ENSHGLG00100003156;transcript5_ENSHGLG00100006079;transcript5_ENSPCIG00000036398;transcript19_ENSHGLG00100003156;transcript16_ENSHGLG00100006079;transcript17_ENSHGLG00100006079;transcript18_ENSHGLG00100006079;transcript13_ENSMUNG00000002391
transcript5_ENSHGLG00100003156;1.0;0.978;1.0;0.995;0.618;0.841;0.768;1.0
transcript5_ENSHGLG00100006079;0.978;1.0;0.978;0.972;0.632;0.859;0.786;0.978
transcript5_ENSPCIG00000036398;1.0;0.978;1.0;0.994;0.651;0.893;0.812;1.0
transcript19_ENSHGLG00100003156;0.995;0.972;0.994;1.0;0.613;0.835;0.762;0.995
transcript16_ENSHGLG00100006079;0.618;0.632;0.651;0.613;1.0;0.734;0.643;0.618
transcript17_ENSHGLG00100006079;0.841;0.859;0.893;0.835;0.734;1.0;0.911;0.841
transcript18_ENSHGLG00100006079;0.768;0.786;0.812;0.762;0.643;0.911;1.0;0.768
transcript13_ENSMUNG00000002391;1.0;0.978;1.0;0.995;0.618;0.841;0.768;1.0
