;ENSCAFT00000005480_90_90;ENST00000369297_90_90;ENST00000369303_90_90;ENSMUST00000029964_90_90;ENSMUST00000080934_90_90;ENSMUST00000108191_90_90;ENSMUST00000108194_90_90
ENSCAFT00000005480_90_90;1.0;0.278;1.0;0.73;0.34;0.726;0.32
ENST00000369297_90_90;0.278;1.0;0.277;0.281;0.462;0.282;0.45
ENST00000369303_90_90;1.0;0.277;1.0;0.576;0.268;0.573;0.254
ENSMUST00000029964_90_90;0.73;0.281;0.576;1.0;0.594;0.996;0.585
ENSMUST00000080934_90_90;0.34;0.462;0.268;0.594;1.0;0.597;0.941
ENSMUST00000108191_90_90;0.726;0.282;0.573;0.996;0.597;1.0;0.587
ENSMUST00000108194_90_90;0.32;0.45;0.254;0.585;0.941;0.587;1.0
