;ENSCAFT00000018483_90_90;ENST00000274000_90_90;ENST00000309703_90_90;ENST00000512741_90_90;ENSMUST00000051737_90_90;ENSMUST00000196392_90_90;ENSMUST00000200409_90_90
ENSCAFT00000018483_90_90;1.0;0.998;0.889;0.244;0.993;0.103;0.883
ENST00000274000_90_90;0.998;1.0;0.891;0.24;0.991;0.104;0.881
ENST00000309703_90_90;0.889;0.891;1.0;0.269;0.881;0.116;0.99
ENST00000512741_90_90;0.244;0.24;0.269;1.0;0.245;0.0;0.275
ENSMUST00000051737_90_90;0.993;0.991;0.881;0.245;1.0;0.096;0.889
ENSMUST00000196392_90_90;0.103;0.104;0.116;0.0;0.096;1.0;0.108
ENSMUST00000200409_90_90;0.883;0.881;0.99;0.275;0.889;0.108;1.0
