;transcript26_ENSNGAG00000018584;transcript33_ENSNGAG00000018584;transcript34_ENSNGAG00000018584;transcript35_ENSNGAG00000018584;transcript35_ENSCCNG00000000226;transcript27_ENSSTOG00000019743;transcript22_ENSCCNG00000000226;transcript21_ENSCPOG00000024843
transcript26_ENSNGAG00000018584;1.0;0.98;0.885;0.493;0.396;0.639;0.718;0.666
transcript33_ENSNGAG00000018584;0.98;1.0;0.903;0.503;0.404;0.629;0.701;0.652
transcript34_ENSNGAG00000018584;0.885;0.903;1.0;0.556;0.442;0.583;0.625;0.591
transcript35_ENSNGAG00000018584;0.493;0.503;0.556;1.0;0.714;0.36;0.372;0.331
transcript35_ENSCCNG00000000226;0.396;0.404;0.442;0.714;1.0;0.407;0.495;0.368
transcript27_ENSSTOG00000019743;0.639;0.629;0.583;0.36;0.407;1.0;0.719;0.84
transcript22_ENSCCNG00000000226;0.718;0.701;0.625;0.372;0.495;0.719;1.0;0.741
transcript21_ENSCPOG00000024843;0.666;0.652;0.591;0.331;0.368;0.84;0.741;1.0
