;transcript1_ENSLAFG00000030854;transcript1_ENSMPUG00000020072;transcript1_ENSMLUG00000027828;transcript10_ENSMLUG00000027828;transcript1_ENSCCNG00000000226;transcript15_ENSCCNG00000000226;transcript7_ENSCCNG00000000226
transcript1_ENSLAFG00000030854;1.0;1.0;0.905;0.868;0.925;0.917;0.923
transcript1_ENSMPUG00000020072;1.0;1.0;0.927;0.891;0.939;0.932;0.937
transcript1_ENSMLUG00000027828;0.905;0.927;1.0;0.961;0.885;0.879;0.883
transcript10_ENSMLUG00000027828;0.868;0.891;0.961;1.0;0.854;0.847;0.852
transcript1_ENSCCNG00000000226;0.925;0.939;0.885;0.854;1.0;0.992;0.998
transcript15_ENSCCNG00000000226;0.917;0.932;0.879;0.847;0.992;1.0;0.994
transcript7_ENSCCNG00000000226;0.923;0.937;0.883;0.852;0.998;0.994;1.0
