;transcript32_ENSCPOG00000024843;transcript29_ENSCCNG00000000226;transcript30_ENSCCNG00000000226;transcript36_ENSCCNG00000000226;transcript37_ENSCCNG00000000226;transcript8_ENSCPOG00000024843;transcript30_ENSCPOG00000024843
transcript32_ENSCPOG00000024843;1.0;0.727;0.698;0.698;0.66;0.956;0.956
transcript29_ENSCCNG00000000226;0.727;1.0;0.955;0.955;0.898;0.707;0.707
transcript30_ENSCCNG00000000226;0.698;0.955;1.0;1.0;0.94;0.727;0.727
transcript36_ENSCCNG00000000226;0.698;0.955;1.0;1.0;0.94;0.727;0.727
transcript37_ENSCCNG00000000226;0.66;0.898;0.94;0.94;1.0;0.688;0.688
transcript8_ENSCPOG00000024843;0.956;0.707;0.727;0.727;0.688;1.0;1.0
transcript30_ENSCPOG00000024843;0.956;0.707;0.727;0.727;0.688;1.0;1.0
