;transcript2_ENSLAFG00000030854;transcript22_ENSPEMG00000024651;transcript22_ENSSTOG00000019743;transcript27_ENSSTOG00000019743;transcript2_ENSSTOG00000019743;transcript22_ENSNGAG00000018584;transcript2_ENSNGAG00000018584
transcript2_ENSLAFG00000030854;1.0;0.807;0.699;0.711;0.723;0.571;0.595
transcript22_ENSPEMG00000024651;0.807;1.0;0.689;0.68;0.671;0.611;0.616
transcript22_ENSSTOG00000019743;0.699;0.689;1.0;0.983;0.967;0.621;0.627
transcript27_ENSSTOG00000019743;0.711;0.68;0.983;1.0;0.983;0.612;0.642
transcript2_ENSSTOG00000019743;0.723;0.671;0.967;0.983;1.0;0.603;0.632
transcript22_ENSNGAG00000018584;0.571;0.611;0.621;0.612;0.603;1.0;0.961
transcript2_ENSNGAG00000018584;0.595;0.616;0.627;0.642;0.632;0.961;1.0
