;ENSCAFT00000005083_90_90;ENSCAFT00000005085_90_90;ENST00000272322_90_90;ENST00000354504_90_90;ENST00000409558_90_90;ENST00000416400_90_90;ENSMUST00000006221_90_90;ENSMUST00000109578_90_90;ENSMUST00000132017_90_90
ENSCAFT00000005083_90_90;1.0;0.672;0.672;0.899;0.708;0.169;0.672;0.701;1.0
ENSCAFT00000005085_90_90;0.672;1.0;0.944;0.7;0.888;0.092;1.0;0.95;0.672
ENST00000272322_90_90;0.672;0.944;1.0;0.592;0.91;0.114;0.954;0.857;0.617
ENST00000354504_90_90;0.899;0.7;0.592;1.0;0.627;0.168;0.644;0.7;0.899
ENST00000409558_90_90;0.708;0.888;0.91;0.627;1.0;0.129;0.857;0.944;0.672
ENST00000416400_90_90;0.169;0.092;0.114;0.168;0.129;1.0;0.082;0.092;0.169
ENSMUST00000006221_90_90;0.672;1.0;0.954;0.644;0.857;0.082;1.0;0.91;0.625
ENSMUST00000109578_90_90;0.701;0.95;0.857;0.7;0.944;0.092;0.91;1.0;0.672
ENSMUST00000132017_90_90;1.0;0.672;0.617;0.899;0.672;0.169;0.625;0.672;1.0
