;ENSCAFT00000049635_90_90;ENST00000373042_90_90;ENST00000373043_90_90;ENST00000468084_90_90;ENSMUST00000106190_90_90;ENSMUST00000125776_90_90;ENSMUST00000137769_90_90;ENSMUST00000163946_90_90;ENSMUST00000185036_90_90
ENSCAFT00000049635_90_90;1.0;0.493;0.276;0.276;0.602;0.552;0.276;0.276;0.479
ENST00000373042_90_90;0.493;1.0;0.314;0.314;0.638;0.524;0.314;0.314;0.457
ENST00000373043_90_90;0.276;0.314;1.0;1.0;0.276;0.259;1.0;1.0;0.22
ENST00000468084_90_90;0.276;0.314;1.0;1.0;0.276;0.259;1.0;1.0;0.22
ENSMUST00000106190_90_90;0.602;0.638;0.276;0.276;1.0;0.483;0.276;0.276;0.415
ENSMUST00000125776_90_90;0.552;0.524;0.259;0.259;0.483;1.0;0.259;0.259;0.561
ENSMUST00000137769_90_90;0.276;0.314;1.0;1.0;0.276;0.259;1.0;1.0;0.22
ENSMUST00000163946_90_90;0.276;0.314;1.0;1.0;0.276;0.259;1.0;1.0;0.22
ENSMUST00000185036_90_90;0.479;0.457;0.22;0.22;0.415;0.561;0.22;0.22;1.0
