;transcript8_ENSMPUG00000020072;transcript8_ENSECAG00000007947;transcript8_ENSMLUG00000027828;transcript8_ENSLAFG00000030854;transcript33_ENSECAG00000007947;transcript13_ENSCCNG00000000226;transcript12_ENSCPOG00000024843;transcript27_ENSCPOG00000024843;transcript34_ENSCPOG00000024843
transcript8_ENSMPUG00000020072;1.0;0.963;1.0;1.0;0.963;1.0;1.0;1.0;1.0
transcript8_ENSECAG00000007947;0.963;1.0;0.961;0.965;1.0;0.761;0.895;0.815;0.816
transcript8_ENSMLUG00000027828;1.0;0.961;1.0;1.0;0.961;1.0;1.0;1.0;1.0
transcript8_ENSLAFG00000030854;1.0;0.965;1.0;1.0;0.965;1.0;1.0;1.0;1.0
transcript33_ENSECAG00000007947;0.963;1.0;0.961;0.965;1.0;0.761;0.895;0.815;0.816
transcript13_ENSCCNG00000000226;1.0;0.761;1.0;1.0;0.761;1.0;0.636;0.9;0.9
transcript12_ENSCPOG00000024843;1.0;0.895;1.0;1.0;0.895;0.636;1.0;0.671;0.678
transcript27_ENSCPOG00000024843;1.0;0.815;1.0;1.0;0.815;0.9;0.671;1.0;0.99
transcript34_ENSCPOG00000024843;1.0;0.816;1.0;1.0;0.816;0.9;0.678;0.99;1.0
