;ENSCAFT00000002677_90_90;ENST00000380036_90_90;ENST00000406359_90_90;ENST00000519080_90_90;ENST00000519097_90_90;ENST00000615002_90_90;ENSMUST00000071168_90_90;ENSMUST00000073939_90_90;ENSMUST00000102798_90_90
ENSCAFT00000002677_90_90;1.0;0.969;0.918;0.49;0.841;0.547;1.0;0.915;1.0
ENST00000380036_90_90;0.969;1.0;0.952;0.502;0.846;0.49;0.937;0.883;0.969
ENST00000406359_90_90;0.918;0.952;1.0;0.529;0.889;0.514;0.886;0.833;0.918
ENST00000519080_90_90;0.49;0.502;0.529;1.0;0.597;0.512;0.475;0.422;0.458
ENST00000519097_90_90;0.841;0.846;0.889;0.597;1.0;0.455;0.835;0.724;0.809
ENST00000615002_90_90;0.547;0.49;0.514;0.512;0.455;1.0;0.536;0.429;0.514
ENSMUST00000071168_90_90;1.0;0.937;0.886;0.475;0.835;0.536;1.0;0.889;0.97
ENSMUST00000073939_90_90;0.915;0.883;0.833;0.422;0.724;0.429;0.889;1.0;0.918
ENSMUST00000102798_90_90;1.0;0.969;0.918;0.458;0.809;0.514;0.97;0.918;1.0
