;ENSCAFT00000026430_90_90;ENST00000310418_90_90;ENST00000345807_90_90;ENST00000502877_90_90;ENST00000508425_90_90;ENST00000510734_90_90;ENSMUST00000049575_90_90;ENSMUST00000091609_90_90;ENSMUST00000140142_90_90
ENSCAFT00000026430_90_90;1.0;0.996;0.932;0.651;0.387;0.476;0.635;0.594;0.526
ENST00000310418_90_90;0.996;1.0;0.938;0.661;0.404;0.371;0.447;0.429;0.48
ENST00000345807_90_90;0.932;0.938;1.0;0.703;0.43;0.387;0.454;0.436;0.489
ENST00000502877_90_90;0.651;0.661;0.703;1.0;0.394;0.495;0.496;0.482;0.559
ENST00000508425_90_90;0.387;0.404;0.43;0.394;1.0;0.295;0.286;0.253;0.396
ENST00000510734_90_90;0.476;0.371;0.387;0.495;0.295;1.0;0.846;0.705;0.431
ENSMUST00000049575_90_90;0.635;0.447;0.454;0.496;0.286;0.846;1.0;0.907;0.403
ENSMUST00000091609_90_90;0.594;0.429;0.436;0.482;0.253;0.705;0.907;1.0;0.444
ENSMUST00000140142_90_90;0.526;0.48;0.489;0.559;0.396;0.431;0.403;0.444;1.0
