;ENSCAFT00000018938_90_90;ENST00000344384_90_90;ENST00000380470_90_90;ENST00000480796_90_90;ENST00000485437_90_90;ENSMUST00000033755_90_90;ENSMUST00000036858_90_90
ENSCAFT00000018938_90_90;1.0;0.725;0.943;0.996;0.508;0.743;0.998
ENST00000344384_90_90;0.725;1.0;0.678;0.725;0.31;0.971;0.723
ENST00000380470_90_90;0.943;0.678;1.0;0.947;0.463;0.692;0.945
ENST00000480796_90_90;0.996;0.725;0.947;1.0;0.51;0.74;0.998
ENST00000485437_90_90;0.508;0.31;0.463;0.51;1.0;0.316;0.51
ENSMUST00000033755_90_90;0.743;0.971;0.692;0.74;0.316;1.0;0.741
ENSMUST00000036858_90_90;0.998;0.723;0.945;0.998;0.51;0.741;1.0
