;transcript26_ENSNGAG00000018584;transcript33_ENSNGAG00000018584;transcript34_ENSNGAG00000018584;transcript35_ENSNGAG00000018584;transcript35_ENSCCNG00000000226;transcript27_ENSSTOG00000019743;transcript22_ENSCCNG00000000226;transcript21_ENSCPOG00000024843
transcript26_ENSNGAG00000018584;1.0;0.985;0.903;0.559;0.638;0.762;0.707;0.762
transcript33_ENSNGAG00000018584;0.985;1.0;0.917;0.567;0.638;0.762;0.693;0.75
transcript34_ENSNGAG00000018584;0.903;0.917;1.0;0.622;0.719;0.702;0.618;0.687
transcript35_ENSNGAG00000018584;0.559;0.567;0.622;1.0;0.795;0.444;0.428;0.419
transcript35_ENSCCNG00000000226;0.638;0.638;0.719;0.795;1.0;0.744;0.784;0.728
transcript27_ENSSTOG00000019743;0.762;0.762;0.702;0.444;0.744;1.0;0.952;1.0
transcript22_ENSCCNG00000000226;0.707;0.693;0.618;0.428;0.784;0.952;1.0;0.952
transcript21_ENSCPOG00000024843;0.762;0.75;0.687;0.419;0.728;1.0;0.952;1.0
