;ENSCAFT00000031630_90_90;ENST00000339463_90_90;ENST00000372122_90_90;ENST00000372123_90_90;ENST00000636137_90_90;ENST00000636263_90_90;ENSMUST00000028156_90_90;ENSMUST00000164290_90_90
ENSCAFT00000031630_90_90;1.0;0.895;0.895;0.726;0.75;0.702;0.895;0.701
ENST00000339463_90_90;0.895;1.0;1.0;0.831;0.826;0.768;1.0;0.767
ENST00000372122_90_90;0.895;1.0;1.0;0.831;0.826;0.768;1.0;0.767
ENST00000372123_90_90;0.726;0.831;0.831;1.0;0.689;0.643;0.831;0.641
ENST00000636137_90_90;0.75;0.826;0.826;0.689;1.0;0.923;0.826;0.922
ENST00000636263_90_90;0.702;0.768;0.768;0.643;0.923;1.0;0.768;0.861
ENSMUST00000028156_90_90;0.895;1.0;1.0;0.831;0.826;0.768;1.0;0.767
ENSMUST00000164290_90_90;0.701;0.767;0.767;0.641;0.922;0.861;0.767;1.0
