;ENSBTAT00000000322_98;ENSBTAT00000073140_98;ENSBTAT00000001533_98;ENSBTAT00000083339_98;ENSBTAT00000001534_98;ENSBTAT00000068906_98;ENSBTAT00000079758_98;ENSBTAT00000086441_98;ENSBTAT00000004593_98;ENSBTAT00000069289_98;ENSBTAT00000072778_98;ENSBTAT00000075126_98;ENSBTAT00000082215_98;ENSBTAT00000037963_98;ENSBTAT00000078486_98;ENSBTAT00000003167_98;ENSBTAT00000074330_98;ENSBTAT00000075099_98;ENSBTAT00000079511_98;ENSCAFT00000002282_98;ENSCAFT00000089048_98;ENSCAFT00000002285_98;ENSCAFT00000002416_98;ENSCAFT00000071887_98;ENSCAFT00000027902_98;ENSCAFT00000046938_98;ENSCAFT00000030660_98;ENSCAFT00000065833_98;ENSCAFT00000069296_98;ENSCAFT00000073051_98;ENSCAFT00000092835_98;ENSCAFT00000030664_98;ENSCAFT00000037347_98;ENSCAFT00020010500_98;ENSCAFT00020026700_98;ENSCAFT00020026705_98;ENSCAFT00020026716_98;ENSCAFT00020035346_98;ENSCAFT00020036206_98;ENSCAFT00020036217_98;ENSCAFT00020036282_98;ENSCAFT00020036354_98;ENSCAFT00020036355_98;ENST00000262953_98;ENST00000426948_98;ENST00000443826_98;ENST00000455444_98;ENST00000586422_98;ENST00000587137_98;ENST00000589364_98;ENST00000590536_98;ENST00000591457_98;ENST00000591529_98;ENST00000592584_98;ENST00000246112_98;ENST00000452088_98;ENST00000453329_98;ENST00000482627_98;ENST00000221561_98;ENST00000327141_98;ENST00000585557_98;ENST00000586742_98;ENST00000586839_98;ENST00000265284_98;ENST00000376537_98;ENST00000376544_98;ENST00000376552_98;ENST00000414465_98;ENST00000417836_98;ENST00000425506_98;ENST00000428713_98;ENST00000435650_98;ENST00000461758_98;ENST00000462803_98;ENST00000467142_98;ENST00000470872_98;ENST00000490347_98;ENST00000496114_98;ENST00000317509_98;ENST00000440567_98;ENST00000451782_98;ENST00000537387_98;ENST00000539550_98;ENST00000557907_98;ENST00000557919_98;ENST00000557984_98;ENST00000557997_98;ENST00000558201_98;ENST00000558379_98;ENST00000558939_98;ENST00000559048_98;ENST00000559191_98;ENST00000559929_98;ENST00000560525_98;ENST00000560589_98;ENST00000560939_98;ENST00000561453_98;ENST00000627388_98;ENST00000376463_98;ENST00000376484_98;ENST00000376499_98;ENST00000418319_98;ENST00000561754_98;ENSGALT00000013179_98;ENSGALT00000020536_98;ENSGALT00000051743_98;ENSGALT00000052862_98;ENSGALT00000075041_98;ENSGALT00000032809_98;ENSGALT00000056704_98;ENSGALT00000075317_98;ENSGALT00000080375_98;ENSGALT00000098702_98;ENSGALT00000092715_98;ENSGALT00000102106_98;ENSGALT00000100653_98;ENSGALT00000106799_98;ENSMUST00000030095_98;ENSMUST00000072695_98;ENSMUST00000074216_98;ENSMUST00000102848_98;ENSMUST00000107337_98;ENSMUST00000137075_98;ENSMUST00000140154_98;ENSMUST00000052011_98;ENSMUST00000167776_98;ENSMUST00000034820_98;ENSMUST00000159050_98;ENSMUST00000159386_98;ENSMUST00000159630_98;ENSMUST00000160541_98;ENSMUST00000160724_98;ENSMUST00000160882_98;ENSMUST00000161194_98;ENSMUST00000161207_98;ENSMUST00000161689_98;ENSMUST00000161993_98;ENSMUST00000162127_98;ENSMUST00000162583_98;ENSMUST00000162973_98;ENSMUST00000178113_98;ENSMUST00000072020_98;ENSMUST00000127546_98;ENSMUST00000142948_98;ENSMUST00000151858_98;ENSMUST00000124854_98;ENSMUST00000131411_98;ENSMUST00000131794_98;ENSMUST00000135211_98;ENSMUST00000136341_98;ENSMUST00000143285_98;ENSMUST00000146358_98;ENSMUST00000146916_98;ENSMUST00000002518_98;ENSMUST00000220348_98;ENSMUST00000178785_98;ENSMUST00000213641_98;ENSMUST00000219454_98
ENSBTAT00000000322_98;1.0;0.922;0.891;0.915;0.923;0.926;0.95;0.99;0.911;0.933;0.947;0.899;0.947;0.945;0.911;0.378;0.778;0.383;0.378;0.994;0.907;0.894;0.938;0.881;0.915;0.927;0.947;0.794;0.944;0.919;0.932;0.994;0.994;0.99;0.994;0.99;0.73;0.998;0.821;0.893;0.912;0.738;0.332;0.987;0.926;0.834;0.834;0.147;0.196;0.35;0.988;0.189;0.926;0.255;0.913;0.659;0.309;0.091;0.597;0.595;0.167;0.649;0.406;0.942;0.986;0.879;0.986;0.161;0.278;0.261;0.428;0.282;0.084;0.292;0.263;0.084;0.369;0.469;0.968;0.98;0.984;0.037;0.887;0.975;0.649;0.018;0.975;0.984;0.978;0.988;0.974;0.372;0.988;0.762;0.934;0.979;0.653;0.976;0.041;0.185;0.875;0.172;0.934;0.988;0.957;0.957;0.998;0.903;0.989;0.997;0.986;0.958;0.986;0.734;0.716;0.34;0.93;0.855;0.855;0.856;0.853;0.097;0.097;0.225;0.988;0.982;0.966;0.97;0.959;0.921;0.132;0.307;0.979;0.084;0.972;0.925;0.477;0.887;0.976;0.979;0.984;0.879;0.277;0.855;0.191;0.092;0.126;0.006;0.966;0.167;0.212;0.988;0.917;0.683;0.27;0.478;0.787;0.786
ENSBTAT00000073140_98;0.922;1.0;0.847;0.903;0.881;0.924;0.908;0.95;0.859;0.907;0.895;0.848;0.895;0.903;0.899;0.391;0.714;0.419;0.393;0.951;0.911;0.847;0.891;0.881;0.883;0.875;0.911;0.76;0.905;0.871;0.885;0.961;0.97;0.944;0.97;0.948;0.721;0.956;0.789;0.845;0.901;0.754;0.34;0.945;0.885;0.804;0.804;0.152;0.18;0.362;0.946;0.16;0.885;0.264;0.868;0.686;0.266;0.096;0.536;0.526;0.152;0.589;0.434;0.893;0.937;0.878;0.937;0.167;0.286;0.271;0.385;0.285;0.087;0.288;0.26;0.087;0.325;0.438;0.917;0.929;0.933;0.039;0.837;0.923;0.601;0.018;0.923;0.932;0.927;0.936;0.922;0.383;0.936;0.714;0.883;0.927;0.605;0.952;0.043;0.193;0.829;0.175;0.909;0.942;0.916;0.916;0.956;0.861;0.942;0.99;0.959;0.934;0.959;0.68;0.662;0.349;0.928;0.815;0.815;0.813;0.816;0.102;0.102;0.233;0.942;0.948;0.937;0.94;0.929;0.891;0.137;0.319;0.949;0.087;0.942;0.895;0.449;0.857;0.946;0.949;0.939;0.85;0.245;0.825;0.189;0.095;0.13;0.006;0.925;0.173;0.221;0.946;0.875;0.661;0.249;0.487;0.803;0.766
ENSBTAT00000001533_98;0.891;0.847;1.0;0.855;0.912;0.869;0.897;0.891;0.952;0.92;0.929;0.964;0.929;0.934;0.903;0.493;0.68;0.493;0.493;0.893;0.876;0.941;0.907;0.779;0.954;0.841;0.839;0.777;0.839;0.8;0.903;0.937;1.0;0.893;0.933;0.891;0.41;0.893;0.839;0.871;0.826;0.723;0.502;0.891;0.811;0.83;0.83;0.02;0.059;0.398;0.891;0.095;0.811;0.061;0.911;0.793;0.226;0.003;0.638;0.627;0.115;0.667;0.505;0.923;0.891;0.778;0.891;0.009;0.309;0.074;0.236;0.093;0.003;0.1;0.269;0.003;0.352;0.543;0.875;0.893;0.893;0.0;0.895;0.889;0.454;0.003;0.889;0.893;0.889;0.893;0.889;0.546;0.893;0.599;0.907;0.893;0.454;0.884;0.003;0.188;0.876;0.053;0.995;0.893;0.839;0.839;0.893;0.929;0.893;0.955;0.881;0.859;0.882;0.667;0.645;0.108;0.621;0.853;0.853;0.855;0.851;0.003;0.003;0.234;0.891;0.885;0.88;0.88;0.867;0.899;0.011;0.108;0.884;0.003;0.884;0.899;0.284;0.883;0.884;0.884;0.893;0.881;0.182;0.861;0.108;0.136;0.185;0.0;0.909;0.003;0.055;0.891;0.802;0.629;0.229;0.612;0.742;0.968
ENSBTAT00000083339_98;0.915;0.903;0.855;1.0;0.901;0.898;0.922;0.917;0.906;0.939;0.93;0.895;0.93;0.885;0.937;0.478;0.704;0.478;0.478;0.917;0.905;0.897;0.933;0.807;0.905;0.855;0.865;0.819;0.865;0.826;0.929;0.958;0.964;0.917;0.954;0.916;0.616;0.917;0.786;0.831;0.878;0.782;0.49;0.916;0.835;0.873;0.873;0.114;0.057;0.445;0.916;0.064;0.835;0.157;0.875;0.796;0.202;0.05;0.543;0.557;0.05;0.573;0.542;0.884;0.919;0.808;0.919;0.079;0.3;0.16;0.262;0.156;0.022;0.155;0.206;0.022;0.273;0.479;0.901;0.918;0.918;0.033;0.909;0.913;0.478;0.015;0.913;0.918;0.913;0.918;0.913;0.532;0.918;0.624;0.933;0.918;0.478;0.926;0.027;0.192;0.829;0.026;0.932;0.917;0.863;0.863;0.917;0.917;0.917;0.976;0.919;0.897;0.92;0.637;0.615;0.148;0.827;0.81;0.81;0.808;0.808;0.025;0.025;0.239;0.919;0.925;0.921;0.921;0.909;0.941;0.103;0.154;0.926;0.061;0.926;0.941;0.321;0.925;0.926;0.926;0.918;0.894;0.193;0.874;0.124;0.132;0.18;0.0;0.892;0.082;0.127;0.916;0.827;0.608;0.192;0.571;0.851;0.844
ENSBTAT00000001534_98;0.923;0.881;0.912;0.901;1.0;0.95;0.865;0.849;0.945;0.96;0.983;0.917;0.968;0.88;0.895;0.386;0.792;0.369;0.388;0.935;0.923;0.901;0.95;0.828;0.899;0.897;0.875;0.792;0.881;0.863;0.94;0.974;1.0;0.925;0.962;0.925;0.566;0.925;0.779;0.829;0.857;0.679;0.376;0.927;0.861;0.845;0.845;0.124;0.142;0.374;0.927;0.137;0.861;0.196;0.903;0.695;0.286;0.061;0.524;0.629;0.176;0.574;0.44;0.873;0.919;0.814;0.919;0.139;0.286;0.205;0.369;0.224;0.034;0.233;0.267;0.034;0.373;0.492;0.888;0.913;0.903;0.042;0.905;0.9;0.572;0.005;0.9;0.9;0.9;0.903;0.897;0.399;0.903;0.681;0.926;0.9;0.572;0.897;0.013;0.195;0.804;0.103;0.954;0.927;0.883;0.883;0.924;0.964;0.921;0.962;0.863;0.832;0.857;0.749;0.73;0.148;0.74;0.784;0.784;0.785;0.775;0.038;0.038;0.247;0.919;0.915;0.893;0.893;0.881;0.919;0.114;0.24;0.895;0.064;0.904;0.919;0.411;0.891;0.895;0.895;0.902;0.911;0.284;0.893;0.199;0.097;0.135;0.0;0.905;0.112;0.156;0.927;0.843;0.695;0.278;0.497;0.805;0.818
ENSBTAT00000068906_98;0.926;0.924;0.869;0.898;0.95;1.0;0.866;0.85;0.909;0.924;0.947;0.881;0.931;0.846;0.884;0.393;0.769;0.376;0.395;0.936;0.974;0.901;0.95;0.874;0.855;0.895;0.877;0.792;0.882;0.865;0.942;0.963;0.974;0.925;0.958;0.927;0.615;0.925;0.78;0.83;0.858;0.722;0.376;0.928;0.862;0.845;0.845;0.154;0.159;0.373;0.928;0.138;0.862;0.226;0.906;0.693;0.289;0.098;0.486;0.585;0.176;0.535;0.459;0.875;0.92;0.859;0.92;0.139;0.286;0.236;0.37;0.256;0.06;0.264;0.267;0.06;0.338;0.454;0.889;0.913;0.904;0.042;0.89;0.901;0.573;0.019;0.901;0.901;0.901;0.904;0.897;0.399;0.904;0.682;0.927;0.901;0.573;0.897;0.046;0.195;0.805;0.138;0.922;0.928;0.883;0.883;0.925;0.913;0.921;1.0;0.865;0.833;0.859;0.714;0.695;0.21;0.803;0.785;0.785;0.786;0.776;0.07;0.069;0.246;0.92;0.916;0.893;0.893;0.882;0.921;0.143;0.272;0.897;0.092;0.905;0.921;0.412;0.892;0.897;0.897;0.903;0.873;0.253;0.855;0.203;0.097;0.135;0.0;0.906;0.14;0.185;0.928;0.843;0.676;0.261;0.498;0.817;0.784
ENSBTAT00000079758_98;0.95;0.908;0.897;0.922;0.865;0.866;1.0;0.86;0.888;0.932;0.924;0.891;0.94;0.877;0.902;0.379;0.798;0.363;0.381;0.964;0.947;0.923;0.972;0.848;0.887;0.912;0.897;0.816;0.903;0.885;0.966;0.988;1.0;0.958;0.975;0.958;0.631;0.952;0.796;0.845;0.888;0.699;0.365;0.949;0.869;0.855;0.855;0.148;0.171;0.357;0.949;0.159;0.869;0.226;0.935;0.671;0.32;0.095;0.513;0.613;0.173;0.561;0.428;0.865;0.908;0.807;0.908;0.142;0.262;0.23;0.37;0.251;0.069;0.26;0.244;0.069;0.341;0.449;0.881;0.887;0.895;0.038;0.864;0.892;0.582;0.018;0.892;0.9;0.892;0.895;0.898;0.365;0.895;0.686;0.899;0.9;0.582;0.889;0.043;0.179;0.802;0.135;0.945;0.91;0.905;0.905;0.948;0.94;0.936;1.0;0.895;0.863;0.889;0.73;0.711;0.212;0.805;0.78;0.78;0.781;0.786;0.074;0.09;0.225;0.939;0.935;0.891;0.891;0.88;0.898;0.134;0.265;0.894;0.086;0.885;0.898;0.43;0.871;0.894;0.894;0.9;0.9;0.281;0.883;0.197;0.091;0.127;0.008;0.919;0.141;0.185;0.94;0.857;0.692;0.277;0.488;0.8;0.803
ENSBTAT00000086441_98;0.99;0.95;0.891;0.917;0.849;0.85;0.86;1.0;0.894;0.91;0.931;0.869;0.917;0.922;0.913;0.36;0.76;0.383;0.362;0.988;0.915;0.882;0.928;0.883;0.911;0.893;0.936;0.775;0.931;0.915;0.916;0.996;1.0;0.969;0.996;0.978;0.725;0.992;0.835;0.9;0.909;0.734;0.344;0.977;0.901;0.815;0.815;0.141;0.207;0.34;0.977;0.197;0.901;0.261;0.917;0.657;0.315;0.093;0.593;0.561;0.158;0.642;0.393;0.901;0.946;0.844;0.946;0.168;0.259;0.274;0.418;0.278;0.093;0.286;0.241;0.093;0.338;0.444;0.935;0.96;0.95;0.038;0.864;0.947;0.625;0.018;0.947;0.974;0.947;0.95;0.97;0.367;0.95;0.732;0.899;0.974;0.625;0.944;0.041;0.174;0.865;0.183;0.94;0.97;0.955;0.955;0.996;0.893;0.967;1.0;0.958;0.924;0.951;0.718;0.699;0.329;0.921;0.824;0.824;0.825;0.831;0.107;0.13;0.221;0.966;0.962;0.949;0.949;0.938;0.9;0.133;0.302;0.953;0.086;0.962;0.9;0.472;0.873;0.953;0.953;0.959;0.881;0.276;0.864;0.194;0.087;0.121;0.024;0.954;0.179;0.223;0.975;0.893;0.686;0.275;0.48;0.788;0.792
ENSBTAT00000004593_98;0.911;0.859;0.952;0.906;0.945;0.909;0.888;0.894;1.0;0.92;0.966;0.895;0.941;0.933;0.909;0.419;0.764;0.409;0.421;0.917;0.916;0.899;0.947;0.801;0.967;0.881;0.859;0.782;0.86;0.839;0.933;0.97;0.997;0.912;0.964;0.91;0.527;0.913;0.758;0.818;0.841;0.648;0.384;0.908;0.839;0.836;0.836;0.082;0.079;0.395;0.91;0.115;0.839;0.137;0.887;0.749;0.237;0.0;0.584;0.644;0.18;0.643;0.441;0.819;0.863;0.753;0.863;0.069;0.303;0.144;0.319;0.165;0.0;0.172;0.29;0.005;0.409;0.515;0.893;0.915;0.91;0.043;0.923;0.901;0.563;0.0;0.901;0.915;0.901;0.91;0.905;0.427;0.91;0.681;0.944;0.913;0.563;0.902;0.041;0.203;0.812;0.104;0.965;0.916;0.871;0.871;0.913;0.96;0.905;0.98;0.867;0.835;0.863;0.762;0.744;0.076;0.681;0.784;0.788;0.786;0.785;0.037;0.02;0.241;0.906;0.893;0.896;0.896;0.887;0.937;0.071;0.198;0.905;0.019;0.909;0.939;0.382;0.915;0.905;0.905;0.907;0.917;0.273;0.891;0.179;0.103;0.144;0.0;0.891;0.046;0.135;0.914;0.822;0.709;0.282;0.53;0.781;0.871
ENSBTAT00000069289_98;0.933;0.907;0.92;0.939;0.96;0.924;0.932;0.91;0.92;1.0;0.954;0.933;0.978;0.893;0.949;0.402;0.801;0.394;0.405;0.944;0.943;0.926;0.974;0.828;0.941;0.891;0.889;0.823;0.89;0.87;0.965;0.964;0.995;0.94;0.957;0.94;0.632;0.939;0.78;0.841;0.889;0.686;0.372;0.936;0.864;0.871;0.871;0.12;0.116;0.388;0.938;0.109;0.864;0.177;0.906;0.729;0.259;0.033;0.574;0.632;0.173;0.633;0.439;0.851;0.895;0.786;0.895;0.115;0.291;0.177;0.336;0.206;0.013;0.215;0.275;0.018;0.376;0.493;0.906;0.929;0.924;0.041;0.936;0.915;0.582;0.0;0.915;0.928;0.915;0.924;0.917;0.409;0.924;0.699;0.957;0.927;0.582;0.938;0.029;0.203;0.787;0.09;0.957;0.935;0.897;0.897;0.939;0.987;0.946;0.98;0.895;0.863;0.891;0.749;0.731;0.069;0.791;0.77;0.774;0.774;0.772;0.037;0.01;0.238;0.939;0.953;0.924;0.924;0.917;0.966;0.107;0.232;0.934;0.055;0.938;0.968;0.414;0.945;0.934;0.934;0.927;0.934;0.291;0.908;0.191;0.099;0.139;0.0;0.915;0.084;0.132;0.939;0.847;0.692;0.267;0.509;0.828;0.831
ENSBTAT00000072778_98;0.947;0.895;0.929;0.93;0.983;0.947;0.924;0.931;0.966;0.954;1.0;0.93;0.975;0.902;0.941;0.398;0.811;0.389;0.4;0.953;0.952;0.935;0.984;0.837;0.949;0.899;0.896;0.821;0.897;0.877;0.972;0.974;0.997;0.948;0.968;0.947;0.641;0.948;0.793;0.853;0.877;0.683;0.37;0.946;0.876;0.875;0.875;0.12;0.116;0.388;0.948;0.111;0.876;0.174;0.916;0.722;0.268;0.033;0.582;0.641;0.179;0.641;0.439;0.852;0.897;0.787;0.897;0.102;0.292;0.178;0.353;0.199;0.0;0.207;0.279;0.005;0.394;0.496;0.928;0.951;0.947;0.042;0.96;0.937;0.599;0.0;0.937;0.951;0.937;0.947;0.94;0.412;0.947;0.718;0.981;0.95;0.599;0.938;0.04;0.201;0.804;0.103;0.96;0.952;0.906;0.906;0.948;0.996;0.94;0.984;0.903;0.871;0.899;0.763;0.746;0.069;0.795;0.776;0.78;0.778;0.778;0.037;0.019;0.239;0.942;0.927;0.931;0.931;0.923;0.974;0.107;0.233;0.941;0.056;0.945;0.975;0.417;0.952;0.941;0.941;0.943;0.929;0.29;0.903;0.197;0.099;0.14;0.0;0.928;0.084;0.132;0.952;0.859;0.705;0.281;0.508;0.827;0.833
ENSBTAT00000075126_98;0.899;0.848;0.964;0.895;0.917;0.881;0.891;0.869;0.895;0.933;0.93;1.0;0.954;0.856;0.893;0.424;0.756;0.414;0.426;0.906;0.904;0.982;0.935;0.79;0.899;0.851;0.847;0.77;0.848;0.827;0.921;0.911;0.997;0.901;0.905;0.897;0.485;0.901;0.832;0.895;0.83;0.717;0.388;0.894;0.821;0.818;0.818;0.069;0.124;0.334;0.895;0.116;0.821;0.127;0.931;0.737;0.271;0.034;0.607;0.607;0.144;0.668;0.458;0.913;0.871;0.76;0.871;0.071;0.305;0.133;0.305;0.168;0.013;0.175;0.292;0.018;0.412;0.518;0.873;0.895;0.891;0.0;0.901;0.881;0.547;0.0;0.881;0.895;0.881;0.891;0.884;0.426;0.891;0.665;0.923;0.893;0.547;0.883;0.03;0.204;0.797;0.093;0.978;0.897;0.859;0.859;0.901;0.948;0.908;0.972;0.855;0.823;0.851;0.703;0.684;0.079;0.642;0.783;0.787;0.786;0.784;0.038;0.01;0.24;0.908;0.895;0.876;0.876;0.868;0.915;0.058;0.185;0.885;0.037;0.889;0.917;0.367;0.894;0.885;0.885;0.887;0.876;0.237;0.851;0.144;0.103;0.145;0.0;0.915;0.037;0.081;0.897;0.804;0.629;0.272;0.544;0.755;0.895
ENSBTAT00000082215_98;0.947;0.895;0.929;0.93;0.968;0.931;0.94;0.917;0.941;0.978;0.975;0.954;1.0;0.902;0.941;0.398;0.811;0.389;0.4;0.953;0.952;0.935;0.984;0.837;0.949;0.899;0.896;0.821;0.897;0.877;0.972;0.974;0.997;0.948;0.968;0.947;0.641;0.948;0.793;0.853;0.877;0.683;0.37;0.944;0.87;0.869;0.869;0.119;0.118;0.385;0.945;0.11;0.87;0.176;0.916;0.722;0.268;0.033;0.578;0.636;0.178;0.637;0.435;0.871;0.915;0.805;0.915;0.115;0.29;0.177;0.351;0.213;0.013;0.221;0.278;0.018;0.391;0.492;0.92;0.943;0.938;0.041;0.95;0.928;0.594;0.0;0.928;0.942;0.928;0.938;0.931;0.407;0.938;0.712;0.971;0.941;0.594;0.929;0.029;0.202;0.789;0.092;0.96;0.943;0.906;0.906;0.948;0.996;0.954;0.984;0.903;0.871;0.899;0.758;0.74;0.069;0.795;0.774;0.778;0.776;0.776;0.037;0.01;0.237;0.956;0.942;0.922;0.922;0.915;0.964;0.107;0.231;0.932;0.055;0.936;0.965;0.414;0.942;0.932;0.932;0.934;0.929;0.29;0.903;0.197;0.098;0.138;0.0;0.922;0.083;0.131;0.946;0.854;0.705;0.281;0.508;0.827;0.833
ENSBTAT00000037963_98;0.945;0.903;0.934;0.885;0.88;0.846;0.877;0.922;0.933;0.893;0.902;0.856;0.902;1.0;0.849;0.398;0.704;0.406;0.384;0.948;0.866;0.834;0.879;0.815;0.966;0.848;0.875;0.722;0.863;0.853;0.865;0.982;0.998;0.923;0.982;0.924;0.605;0.951;0.772;0.848;0.872;0.675;0.348;0.914;0.855;0.768;0.768;0.088;0.134;0.354;0.915;0.17;0.855;0.19;0.87;0.704;0.256;0.031;0.623;0.56;0.158;0.674;0.386;0.871;0.915;0.808;0.915;0.123;0.289;0.197;0.364;0.219;0.06;0.227;0.276;0.06;0.384;0.491;0.906;0.915;0.922;0.038;0.835;0.913;0.597;0.009;0.913;0.915;0.913;0.922;0.903;0.378;0.922;0.708;0.871;0.913;0.597;0.913;0.015;0.193;0.844;0.141;0.95;0.918;0.909;0.909;0.95;0.895;0.92;0.962;0.921;0.885;0.909;0.728;0.71;0.3;0.799;0.827;0.827;0.829;0.826;0.068;0.068;0.229;0.92;0.913;0.905;0.905;0.897;0.861;0.079;0.249;0.914;0.029;0.906;0.862;0.419;0.829;0.914;0.914;0.921;0.88;0.263;0.853;0.175;0.09;0.128;0.011;0.895;0.104;0.19;0.916;0.825;0.695;0.277;0.507;0.752;0.841
ENSBTAT00000078486_98;0.911;0.899;0.903;0.937;0.895;0.884;0.902;0.913;0.909;0.949;0.941;0.893;0.941;0.849;1.0;0.363;0.75;0.411;0.369;0.919;0.927;0.899;0.946;0.792;0.927;0.847;0.853;0.794;0.849;0.828;0.932;0.952;0.992;0.889;0.942;0.891;0.578;0.925;0.753;0.819;0.849;0.66;0.358;0.899;0.839;0.853;0.853;0.132;0.124;0.367;0.9;0.122;0.839;0.181;0.89;0.703;0.271;0.054;0.609;0.559;0.164;0.649;0.381;0.847;0.892;0.784;0.892;0.1;0.286;0.189;0.35;0.206;0.018;0.21;0.273;0.018;0.374;0.493;0.871;0.894;0.887;0.041;0.937;0.895;0.576;0.009;0.895;0.894;0.895;0.887;0.901;0.393;0.887;0.672;0.935;0.893;0.576;0.897;0.022;0.205;0.792;0.09;0.947;0.896;0.885;0.885;0.925;0.944;0.896;0.996;0.88;0.843;0.868;0.727;0.71;0.173;0.778;0.768;0.768;0.767;0.766;0.02;0.02;0.245;0.899;0.904;0.903;0.903;0.878;0.943;0.121;0.236;0.895;0.068;0.901;0.944;0.409;0.945;0.895;0.895;0.89;0.915;0.287;0.888;0.188;0.094;0.133;0.0;0.878;0.093;0.145;0.897;0.808;0.691;0.273;0.503;0.812;0.817
ENSBTAT00000003167_98;0.378;0.391;0.493;0.478;0.386;0.393;0.379;0.36;0.419;0.402;0.398;0.424;0.398;0.398;0.363;1.0;0.476;0.788;0.952;0.382;0.407;0.414;0.39;0.398;0.399;0.405;0.374;0.458;0.379;0.386;0.386;0.395;0.489;0.378;0.421;0.374;0.342;0.377;0.369;0.343;0.333;0.454;0.196;0.373;0.383;0.446;0.446;0.0;0.0;0.359;0.372;0.0;0.383;0.0;0.495;0.685;0.082;0.0;0.471;0.503;0.025;0.552;0.677;0.405;0.381;0.398;0.381;0.0;0.636;0.0;0.1;0.0;0.0;0.0;0.51;0.0;0.327;0.68;0.355;0.379;0.378;0.0;0.358;0.368;0.328;0.0;0.368;0.381;0.37;0.38;0.372;0.28;0.38;0.431;0.391;0.38;0.33;0.383;0.0;0.538;0.424;0.0;0.501;0.38;0.382;0.382;0.376;0.4;0.38;0.465;0.377;0.347;0.377;0.518;0.388;0.0;0.243;0.436;0.436;0.434;0.433;0.0;0.0;0.354;0.381;0.384;0.372;0.374;0.359;0.394;0.0;0.0;0.383;0.0;0.383;0.395;0.079;0.361;0.382;0.383;0.38;0.452;0.035;0.414;0.0;0.0;0.0;0.0;0.378;0.0;0.0;0.372;0.337;0.555;0.009;0.223;0.401;0.496
ENSBTAT00000074330_98;0.778;0.714;0.68;0.704;0.792;0.769;0.798;0.76;0.764;0.801;0.811;0.756;0.811;0.704;0.75;0.476;1.0;0.437;0.484;0.79;0.777;0.758;0.812;0.681;0.741;0.815;0.786;0.686;0.791;0.812;0.807;0.707;0.706;0.788;0.678;0.781;0.792;0.78;0.591;0.675;0.702;0.512;0.107;0.785;0.809;0.673;0.673;0.191;0.178;0.286;0.787;0.167;0.809;0.266;0.722;0.455;0.371;0.073;0.621;0.774;0.205;0.697;0.536;0.734;0.787;0.679;0.787;0.152;0.402;0.268;0.509;0.3;0.014;0.313;0.408;0.014;0.568;0.657;0.764;0.79;0.787;0.053;0.782;0.777;0.808;0.0;0.777;0.791;0.778;0.788;0.779;0.155;0.788;0.899;0.813;0.788;0.81;0.779;0.019;0.312;0.656;0.123;0.695;0.791;0.791;0.791;0.779;0.806;0.79;0.627;0.73;0.699;0.73;0.971;0.826;0.038;0.665;0.63;0.63;0.633;0.627;0.017;0.017;0.326;0.789;0.782;0.766;0.768;0.754;0.799;0.172;0.332;0.779;0.099;0.779;0.803;0.541;0.77;0.777;0.779;0.788;0.709;0.395;0.674;0.3;0.0;0.0;0.0;0.764;0.128;0.204;0.787;0.76;0.92;0.377;0.128;0.541;0.527
ENSBTAT00000075099_98;0.383;0.419;0.493;0.478;0.369;0.376;0.363;0.383;0.409;0.394;0.389;0.414;0.389;0.406;0.411;0.788;0.437;1.0;0.821;0.381;0.406;0.411;0.387;0.395;0.431;0.392;0.385;0.442;0.379;0.375;0.374;0.399;0.493;0.371;0.429;0.367;0.387;0.388;0.392;0.338;0.324;0.438;0.186;0.366;0.373;0.435;0.435;0.0;0.0;0.345;0.365;0.0;0.373;0.0;0.492;0.68;0.081;0.0;0.559;0.453;0.022;0.593;0.591;0.397;0.373;0.391;0.373;0.0;0.592;0.0;0.096;0.0;0.0;0.0;0.476;0.0;0.31;0.643;0.348;0.371;0.37;0.0;0.35;0.361;0.317;0.0;0.361;0.373;0.363;0.372;0.364;0.272;0.372;0.417;0.383;0.372;0.319;0.376;0.0;0.502;0.415;0.0;0.501;0.372;0.395;0.395;0.389;0.395;0.373;0.473;0.421;0.391;0.421;0.493;0.372;0.111;0.294;0.426;0.426;0.425;0.423;0.0;0.0;0.329;0.374;0.377;0.365;0.366;0.352;0.386;0.0;0.0;0.376;0.0;0.376;0.386;0.076;0.353;0.374;0.376;0.372;0.449;0.035;0.411;0.0;0.0;0.0;0.0;0.37;0.0;0.0;0.364;0.33;0.554;0.009;0.223;0.401;0.496
ENSBTAT00000079511_98;0.378;0.393;0.493;0.478;0.388;0.395;0.381;0.362;0.421;0.405;0.4;0.426;0.4;0.384;0.369;0.952;0.484;0.821;1.0;0.382;0.407;0.416;0.392;0.4;0.4;0.405;0.373;0.457;0.38;0.386;0.385;0.399;0.493;0.38;0.425;0.372;0.346;0.378;0.371;0.342;0.332;0.453;0.195;0.375;0.385;0.448;0.448;0.0;0.0;0.362;0.373;0.0;0.385;0.0;0.495;0.684;0.082;0.0;0.445;0.52;0.026;0.526;0.707;0.407;0.383;0.4;0.383;0.0;0.647;0.0;0.101;0.0;0.0;0.0;0.518;0.0;0.331;0.69;0.357;0.381;0.379;0.0;0.36;0.37;0.331;0.0;0.37;0.383;0.372;0.381;0.373;0.282;0.381;0.434;0.393;0.382;0.333;0.385;0.0;0.548;0.426;0.0;0.501;0.381;0.384;0.384;0.377;0.4;0.382;0.473;0.365;0.335;0.365;0.523;0.391;0.011;0.248;0.438;0.438;0.437;0.435;0.0;0.0;0.361;0.383;0.386;0.373;0.376;0.361;0.396;0.0;0.0;0.385;0.0;0.385;0.397;0.08;0.363;0.383;0.385;0.381;0.452;0.035;0.414;0.0;0.0;0.0;0.0;0.379;0.0;0.0;0.373;0.339;0.554;0.009;0.223;0.401;0.496
ENSCAFT00000002282_98;0.994;0.951;0.893;0.917;0.935;0.936;0.964;0.988;0.917;0.944;0.953;0.906;0.953;0.948;0.919;0.382;0.79;0.381;0.382;1.0;0.909;0.9;0.945;0.884;0.922;0.925;0.956;0.8;0.955;0.926;0.934;0.999;1.0;0.997;0.999;0.997;0.731;0.996;0.836;0.9;0.931;0.744;0.335;0.994;0.933;0.839;0.839;0.146;0.197;0.351;0.996;0.192;0.933;0.256;0.92;0.661;0.312;0.091;0.591;0.612;0.171;0.645;0.419;0.948;0.993;0.883;0.993;0.162;0.278;0.262;0.432;0.285;0.085;0.293;0.263;0.085;0.372;0.472;0.974;0.986;0.99;0.038;0.894;0.982;0.653;0.018;0.982;0.99;0.985;0.994;0.98;0.374;0.994;0.768;0.94;0.986;0.656;0.988;0.041;0.186;0.88;0.172;0.938;0.996;0.956;0.956;0.996;0.912;0.996;1.0;0.994;0.962;0.99;0.738;0.721;0.317;0.924;0.861;0.861;0.862;0.859;0.098;0.098;0.226;0.994;0.988;0.976;0.98;0.968;0.929;0.133;0.309;0.988;0.085;0.981;0.934;0.482;0.895;0.984;0.988;0.994;0.886;0.28;0.861;0.192;0.092;0.127;0.006;0.974;0.168;0.213;0.996;0.917;0.687;0.274;0.475;0.786;0.789
ENSCAFT00000089048_98;0.907;0.911;0.876;0.905;0.923;0.974;0.947;0.915;0.916;0.943;0.952;0.904;0.952;0.866;0.927;0.407;0.777;0.406;0.407;0.909;1.0;0.922;0.97;0.861;0.899;0.887;0.881;0.824;0.88;0.851;0.965;0.947;0.974;0.917;0.939;0.917;0.57;0.905;0.764;0.821;0.843;0.712;0.368;0.92;0.859;0.866;0.866;0.16;0.136;0.382;0.921;0.114;0.859;0.207;0.891;0.712;0.269;0.08;0.54;0.586;0.181;0.595;0.461;0.873;0.917;0.86;0.917;0.115;0.303;0.218;0.353;0.242;0.035;0.251;0.287;0.035;0.363;0.47;0.896;0.916;0.913;0.041;0.919;0.904;0.574;0.019;0.904;0.92;0.907;0.917;0.909;0.409;0.917;0.689;0.968;0.915;0.577;0.91;0.046;0.208;0.787;0.116;0.926;0.921;0.873;0.873;0.914;0.934;0.92;1.0;0.903;0.871;0.899;0.722;0.704;0.153;0.76;0.772;0.772;0.773;0.77;0.04;0.04;0.251;0.919;0.912;0.898;0.901;0.89;0.957;0.144;0.264;0.91;0.092;0.911;0.962;0.402;0.921;0.907;0.91;0.917;0.877;0.252;0.852;0.203;0.1;0.138;0.0;0.899;0.118;0.165;0.921;0.844;0.683;0.263;0.503;0.827;0.793
ENSCAFT00000002285_98;0.894;0.847;0.941;0.897;0.901;0.901;0.923;0.882;0.899;0.926;0.935;0.982;0.935;0.834;0.899;0.414;0.758;0.411;0.416;0.9;0.922;1.0;0.953;0.785;0.87;0.873;0.846;0.799;0.845;0.82;0.947;0.914;1.0;0.891;0.899;0.885;0.474;0.895;0.823;0.883;0.824;0.714;0.374;0.888;0.828;0.843;0.843;0.105;0.151;0.324;0.889;0.145;0.828;0.152;0.941;0.702;0.305;0.077;0.618;0.605;0.144;0.676;0.457;0.933;0.893;0.784;0.893;0.065;0.31;0.164;0.334;0.186;0.035;0.195;0.296;0.035;0.417;0.527;0.873;0.893;0.889;0.0;0.905;0.88;0.554;0.02;0.88;0.893;0.88;0.889;0.882;0.416;0.889;0.667;0.95;0.891;0.554;0.883;0.044;0.204;0.821;0.111;0.969;0.894;0.851;0.85;0.891;0.917;0.895;0.988;0.855;0.825;0.853;0.701;0.683;0.177;0.647;0.809;0.809;0.81;0.807;0.039;0.039;0.243;0.893;0.887;0.874;0.874;0.867;0.942;0.093;0.209;0.883;0.074;0.887;0.944;0.383;0.907;0.883;0.883;0.889;0.86;0.234;0.835;0.143;0.103;0.14;0.0;0.907;0.07;0.112;0.889;0.815;0.623;0.27;0.528;0.741;0.875
ENSCAFT00000002416_98;0.938;0.891;0.907;0.933;0.95;0.95;0.972;0.928;0.947;0.974;0.984;0.935;0.984;0.879;0.946;0.39;0.812;0.387;0.392;0.945;0.97;0.953;1.0;0.829;0.917;0.921;0.893;0.849;0.892;0.867;0.996;0.974;1.0;0.934;0.958;0.931;0.595;0.94;0.788;0.845;0.867;0.682;0.358;0.935;0.875;0.893;0.893;0.154;0.144;0.373;0.936;0.139;0.875;0.199;0.924;0.688;0.301;0.076;0.589;0.635;0.178;0.644;0.434;0.893;0.937;0.828;0.937;0.109;0.295;0.208;0.378;0.231;0.033;0.239;0.282;0.033;0.397;0.503;0.917;0.937;0.933;0.04;0.952;0.924;0.598;0.019;0.924;0.937;0.924;0.933;0.927;0.398;0.933;0.712;0.998;0.935;0.598;0.927;0.044;0.201;0.808;0.109;0.951;0.938;0.895;0.895;0.935;0.964;0.939;1.0;0.901;0.871;0.898;0.756;0.738;0.155;0.771;0.796;0.796;0.797;0.794;0.038;0.038;0.24;0.938;0.931;0.918;0.918;0.911;0.99;0.14;0.253;0.927;0.089;0.931;0.991;0.426;0.954;0.927;0.927;0.933;0.912;0.286;0.887;0.196;0.098;0.135;0.0;0.914;0.113;0.158;0.936;0.861;0.698;0.278;0.493;0.81;0.814
ENSCAFT00000071887_98;0.881;0.881;0.779;0.807;0.828;0.874;0.848;0.883;0.801;0.828;0.837;0.79;0.837;0.815;0.792;0.398;0.681;0.395;0.4;0.884;0.861;0.785;0.829;1.0;0.796;0.819;0.849;0.689;0.851;0.823;0.827;0.891;0.881;0.887;0.949;0.889;0.672;0.879;0.741;0.796;0.819;0.831;0.376;0.893;0.831;0.73;0.73;0.162;0.22;0.391;0.891;0.175;0.831;0.293;0.798;0.71;0.189;0.105;0.43;0.472;0.172;0.485;0.346;0.847;0.891;0.999;0.891;0.19;0.216;0.303;0.449;0.326;0.106;0.338;0.298;0.106;0.377;0.364;0.867;0.887;0.884;0.042;0.785;0.875;0.549;0.02;0.875;0.887;0.875;0.884;0.88;0.417;0.884;0.662;0.828;0.889;0.549;0.878;0.048;0.218;0.748;0.215;0.828;0.89;0.841;0.84;0.882;0.798;0.891;0.994;0.851;0.821;0.848;0.608;0.59;0.301;0.887;0.739;0.739;0.74;0.737;0.126;0.126;0.133;0.89;0.883;0.869;0.869;0.861;0.823;0.146;0.353;0.878;0.095;0.882;0.822;0.38;0.786;0.878;0.878;0.884;0.764;0.161;0.74;0.221;0.102;0.139;0.019;0.872;0.199;0.248;0.893;0.819;0.603;0.178;0.525;0.867;0.699
ENSCAFT00000027902_98;0.915;0.883;0.954;0.905;0.899;0.855;0.887;0.911;0.967;0.941;0.949;0.899;0.949;0.966;0.927;0.399;0.741;0.431;0.4;0.922;0.899;0.87;0.917;0.796;1.0;0.786;0.851;0.744;0.841;0.821;0.891;0.946;1.0;0.911;0.937;0.907;0.524;0.927;0.754;0.818;0.847;0.645;0.364;0.901;0.841;0.805;0.805;0.079;0.091;0.38;0.903;0.124;0.841;0.149;0.857;0.734;0.229;0.0;0.627;0.591;0.165;0.676;0.407;0.858;0.903;0.792;0.903;0.086;0.307;0.158;0.333;0.182;0.015;0.19;0.293;0.015;0.408;0.522;0.894;0.905;0.911;0.041;0.897;0.901;0.572;0.0;0.901;0.905;0.901;0.911;0.893;0.403;0.911;0.688;0.913;0.904;0.572;0.903;0.0;0.208;0.808;0.089;0.961;0.909;0.885;0.885;0.927;0.952;0.907;0.96;0.919;0.881;0.909;0.75;0.733;0.163;0.718;0.794;0.794;0.795;0.792;0.017;0.017;0.246;0.906;0.899;0.893;0.893;0.885;0.903;0.071;0.212;0.903;0.017;0.897;0.904;0.388;0.884;0.903;0.903;0.913;0.903;0.269;0.875;0.179;0.098;0.137;0.009;0.881;0.06;0.147;0.904;0.81;0.705;0.281;0.523;0.781;0.864
ENSCAFT00000046938_98;0.927;0.875;0.841;0.855;0.897;0.895;0.912;0.893;0.881;0.891;0.899;0.851;0.899;0.848;0.847;0.405;0.815;0.392;0.405;0.925;0.887;0.873;0.921;0.819;0.786;1.0;0.948;0.837;0.954;0.911;0.901;0.976;0.873;0.908;0.915;0.906;0.656;0.929;0.778;0.833;0.857;0.668;0.316;0.901;0.898;0.786;0.786;0.159;0.155;0.367;0.903;0.168;0.898;0.214;0.857;0.616;0.31;0.073;0.546;0.625;0.176;0.595;0.43;0.864;0.909;0.799;0.909;0.125;0.298;0.223;0.401;0.247;0.057;0.255;0.285;0.057;0.395;0.506;0.891;0.912;0.907;0.04;0.861;0.897;0.639;0.015;0.897;0.912;0.897;0.907;0.901;0.336;0.907;0.758;0.901;0.911;0.639;0.899;0.037;0.204;0.796;0.144;0.875;0.943;0.939;0.939;0.901;0.871;0.913;0.889;0.925;0.909;0.936;0.746;0.729;0.233;0.824;0.781;0.781;0.782;0.779;0.066;0.066;0.241;0.911;0.905;0.889;0.889;0.882;0.891;0.12;0.27;0.899;0.067;0.904;0.893;0.451;0.857;0.899;0.899;0.908;0.836;0.287;0.809;0.196;0.121;0.085;0.0;0.879;0.122;0.19;0.901;0.932;0.699;0.278;0.407;0.702;0.72
ENSCAFT00000030660_98;0.947;0.911;0.839;0.865;0.875;0.877;0.897;0.936;0.859;0.889;0.896;0.847;0.896;0.875;0.853;0.374;0.786;0.385;0.373;0.956;0.881;0.846;0.893;0.849;0.851;0.948;1.0;0.825;0.982;0.928;0.847;0.978;0.899;0.935;0.933;0.939;0.738;0.952;0.809;0.858;0.885;0.704;0.308;0.93;0.926;0.77;0.77;0.164;0.209;0.352;0.932;0.205;0.926;0.267;0.861;0.601;0.328;0.097;0.582;0.613;0.172;0.631;0.429;0.889;0.934;0.829;0.934;0.181;0.272;0.278;0.442;0.299;0.101;0.307;0.253;0.101;0.354;0.467;0.919;0.936;0.934;0.04;0.839;0.931;0.666;0.019;0.931;0.936;0.931;0.934;0.931;0.333;0.934;0.78;0.875;0.935;0.666;0.928;0.044;0.185;0.828;0.187;0.875;0.958;0.967;0.967;0.932;0.847;0.942;0.901;0.953;0.936;0.962;0.73;0.711;0.309;0.895;0.803;0.803;0.805;0.801;0.117;0.117;0.234;0.935;0.931;0.925;0.925;0.913;0.867;0.14;0.318;0.928;0.089;0.93;0.869;0.496;0.841;0.928;0.928;0.934;0.832;0.289;0.815;0.202;0.114;0.081;0.017;0.906;0.179;0.224;0.927;0.943;0.694;0.278;0.409;0.716;0.718
ENSCAFT00000065833_98;0.794;0.76;0.777;0.819;0.792;0.792;0.816;0.775;0.782;0.823;0.821;0.77;0.821;0.722;0.794;0.458;0.686;0.442;0.457;0.8;0.824;0.799;0.849;0.689;0.744;0.837;0.825;1.0;0.831;0.774;0.811;0.905;0.857;0.776;0.843;0.781;0.566;0.796;0.74;0.701;0.74;0.555;0.371;0.776;0.764;0.924;0.924;0.155;0.163;0.424;0.774;0.157;0.764;0.12;0.877;0.661;0.309;0.085;0.595;0.651;0.182;0.647;0.457;0.735;0.781;0.675;0.781;0.102;0.329;0.12;0.279;0.134;0.04;0.142;0.306;0.04;0.275;0.564;0.762;0.778;0.777;0.049;0.792;0.774;0.501;0.024;0.774;0.778;0.774;0.777;0.777;0.397;0.777;0.615;0.831;0.78;0.501;0.782;0.05;0.211;0.786;0.111;0.853;0.796;0.804;0.804;0.775;0.794;0.784;0.877;0.786;0.77;0.797;0.622;0.603;0.16;0.722;0.768;0.768;0.767;0.766;0.043;0.043;0.266;0.781;0.784;0.779;0.779;0.768;0.837;0.14;0.162;0.782;0.109;0.784;0.836;0.342;0.806;0.782;0.782;0.777;0.874;0.275;0.855;0.1;0.137;0.097;0.0;0.75;0.128;0.086;0.772;0.783;0.62;0.196;0.455;0.716;0.739
ENSCAFT00000069296_98;0.944;0.905;0.839;0.865;0.881;0.882;0.903;0.931;0.86;0.89;0.897;0.848;0.897;0.863;0.849;0.379;0.791;0.379;0.38;0.955;0.88;0.845;0.892;0.851;0.841;0.954;0.982;0.831;1.0;0.932;0.853;0.982;0.901;0.935;0.935;0.941;0.73;0.951;0.808;0.858;0.886;0.704;0.309;0.934;0.926;0.774;0.774;0.164;0.21;0.353;0.932;0.205;0.926;0.266;0.861;0.601;0.329;0.097;0.57;0.621;0.175;0.619;0.435;0.892;0.938;0.833;0.938;0.18;0.274;0.278;0.444;0.298;0.101;0.307;0.255;0.101;0.355;0.469;0.92;0.938;0.935;0.04;0.84;0.932;0.666;0.019;0.932;0.938;0.932;0.935;0.935;0.334;0.935;0.78;0.875;0.939;0.666;0.929;0.044;0.185;0.83;0.188;0.875;0.959;0.968;0.968;0.933;0.843;0.944;0.904;0.946;0.928;0.955;0.73;0.71;0.298;0.884;0.806;0.806;0.807;0.804;0.117;0.117;0.235;0.938;0.933;0.925;0.925;0.914;0.871;0.139;0.319;0.929;0.09;0.931;0.869;0.498;0.841;0.929;0.929;0.935;0.833;0.289;0.816;0.202;0.114;0.081;0.017;0.909;0.179;0.225;0.929;0.946;0.694;0.278;0.409;0.714;0.72
ENSCAFT00000073051_98;0.919;0.871;0.8;0.826;0.863;0.865;0.885;0.915;0.839;0.87;0.877;0.827;0.877;0.853;0.828;0.386;0.812;0.375;0.386;0.926;0.851;0.82;0.867;0.823;0.821;0.911;0.928;0.774;0.932;1.0;0.851;0.929;0.862;0.923;0.874;0.926;0.744;0.919;0.77;0.833;0.861;0.678;0.279;0.927;0.986;0.762;0.762;0.152;0.223;0.375;0.928;0.217;0.986;0.283;0.833;0.571;0.347;0.103;0.581;0.635;0.178;0.631;0.445;0.876;0.923;0.816;0.923;0.191;0.286;0.292;0.465;0.315;0.106;0.323;0.267;0.106;0.373;0.491;0.908;0.925;0.923;0.042;0.826;0.919;0.701;0.02;0.919;0.925;0.919;0.923;0.921;0.31;0.923;0.821;0.862;0.923;0.701;0.917;0.046;0.195;0.804;0.198;0.821;0.931;0.951;0.951;0.916;0.83;0.928;0.82;0.916;0.882;0.909;0.766;0.707;0.308;0.839;0.784;0.784;0.785;0.782;0.123;0.123;0.247;0.924;0.919;0.913;0.913;0.901;0.854;0.147;0.335;0.917;0.094;0.919;0.855;0.522;0.827;0.917;0.917;0.923;0.805;0.304;0.788;0.213;0.075;0.052;0.018;0.897;0.189;0.236;0.919;0.915;0.703;0.281;0.371;0.682;0.683
ENSCAFT00000092835_98;0.932;0.885;0.903;0.929;0.94;0.942;0.966;0.916;0.933;0.965;0.972;0.921;0.972;0.865;0.932;0.386;0.807;0.374;0.385;0.934;0.965;0.947;0.996;0.827;0.891;0.901;0.847;0.811;0.853;0.851;1.0;0.972;0.981;0.919;0.956;0.926;0.586;0.933;0.776;0.836;0.864;0.681;0.372;0.928;0.868;0.885;0.885;0.151;0.143;0.372;0.927;0.139;0.868;0.198;0.914;0.677;0.304;0.079;0.575;0.627;0.176;0.624;0.439;0.875;0.922;0.816;0.922;0.112;0.284;0.208;0.368;0.227;0.035;0.236;0.265;0.035;0.37;0.488;0.905;0.923;0.921;0.042;0.946;0.917;0.587;0.02;0.917;0.923;0.917;0.921;0.921;0.4;0.921;0.698;0.984;0.924;0.587;0.914;0.046;0.194;0.804;0.106;0.952;0.934;0.881;0.881;0.917;0.946;0.927;0.996;0.878;0.86;0.886;0.741;0.722;0.153;0.76;0.783;0.783;0.785;0.782;0.041;0.041;0.246;0.922;0.917;0.911;0.911;0.899;0.978;0.145;0.248;0.914;0.093;0.916;0.977;0.423;0.947;0.914;0.914;0.921;0.907;0.284;0.889;0.2;0.118;0.127;0.0;0.893;0.112;0.156;0.915;0.858;0.699;0.28;0.484;0.796;0.802
ENSCAFT00000030664_98;0.994;0.961;0.937;0.958;0.974;0.963;0.988;0.996;0.97;0.964;0.974;0.911;0.974;0.982;0.952;0.395;0.707;0.399;0.399;0.999;0.947;0.914;0.974;0.891;0.946;0.976;0.978;0.905;0.982;0.929;0.972;1.0;0.999;0.999;1.0;0.998;0.669;0.999;0.867;0.896;0.942;0.803;0.593;0.998;0.94;0.924;0.924;0.109;0.091;0.527;0.998;0.13;0.94;0.149;0.961;0.78;0.194;0.035;0.541;0.587;0.107;0.562;0.464;0.937;0.996;0.889;0.996;0.118;0.173;0.155;0.246;0.178;0.053;0.181;0.133;0.053;0.18;0.418;0.988;0.998;0.998;0.044;0.948;0.995;0.403;0.004;0.995;0.998;0.995;0.998;0.995;0.617;0.998;0.625;0.976;0.998;0.403;0.989;0.033;0.099;0.954;0.082;0.972;0.999;0.982;0.982;0.999;0.944;0.999;0.999;1.0;0.998;1.0;0.627;0.579;0.211;0.9;0.915;0.915;0.918;0.915;0.058;0.058;0.166;0.996;0.992;0.986;0.986;0.978;0.966;0.109;0.169;0.989;0.059;0.989;0.966;0.3;0.94;0.989;0.989;0.998;0.944;0.204;0.931;0.12;0.17;0.172;0.003;0.978;0.113;0.146;0.998;0.978;0.636;0.238;0.598;0.806;0.879
ENSCAFT00000037347_98;0.994;0.97;1.0;0.964;1.0;0.974;1.0;1.0;0.997;0.995;0.997;0.997;0.997;0.998;0.992;0.489;0.706;0.493;0.493;1.0;0.974;1.0;1.0;0.881;1.0;0.873;0.899;0.857;0.901;0.862;0.981;0.999;1.0;1.0;0.999;1.0;0.615;1.0;0.937;0.951;0.944;0.832;0.629;1.0;0.885;0.956;0.956;0.0;0.049;0.468;1.0;0.087;0.885;0.024;0.99;0.838;0.18;0.0;0.586;0.586;0.091;0.643;0.491;0.997;0.997;0.879;0.997;0.0;0.249;0.04;0.159;0.056;0.0;0.058;0.208;0.0;0.236;0.494;0.989;1.0;1.0;0.0;0.982;0.994;0.373;0.0;0.994;1.0;0.994;1.0;0.994;0.666;1.0;0.579;1.0;1.0;0.373;0.997;0.0;0.137;0.954;0.036;1.0;1.0;0.921;0.921;1.0;0.998;1.0;1.0;0.99;0.966;0.974;0.636;0.601;0.129;0.873;0.933;0.933;0.936;0.933;0.0;0.0;0.202;0.997;1.0;0.991;0.991;0.986;0.997;0.0;0.056;0.997;0.0;0.997;0.997;0.227;0.98;0.997;0.997;1.0;0.957;0.143;0.947;0.051;0.165;0.236;0.0;0.996;0.0;0.017;1.0;0.87;0.65;0.241;0.607;0.794;0.992
ENSCAFT00020010500_98;0.99;0.944;0.893;0.917;0.925;0.925;0.958;0.969;0.912;0.94;0.948;0.901;0.948;0.923;0.889;0.378;0.788;0.371;0.38;0.997;0.917;0.891;0.934;0.887;0.911;0.908;0.935;0.776;0.935;0.923;0.919;0.999;1.0;1.0;0.998;0.998;0.724;0.992;0.842;0.897;0.931;0.738;0.336;0.994;0.934;0.831;0.831;0.143;0.206;0.348;0.996;0.201;0.934;0.263;0.921;0.663;0.311;0.091;0.568;0.621;0.175;0.622;0.427;0.948;0.991;0.883;0.991;0.171;0.276;0.266;0.434;0.289;0.094;0.296;0.263;0.094;0.366;0.469;0.982;0.988;0.998;0.036;0.885;0.99;0.668;0.018;0.99;0.988;0.99;0.998;0.977;0.366;0.998;0.78;0.928;0.986;0.668;0.991;0.041;0.186;0.879;0.182;0.938;0.995;0.952;0.952;0.992;0.909;0.994;1.0;0.94;0.902;0.928;0.738;0.72;0.297;0.91;0.862;0.862;0.864;0.861;0.108;0.108;0.223;0.994;0.987;0.98;0.98;0.974;0.917;0.132;0.321;0.99;0.082;0.98;0.919;0.491;0.884;0.99;0.99;1.0;0.887;0.278;0.861;0.191;0.088;0.124;0.017;0.974;0.175;0.223;0.995;0.899;0.687;0.274;0.475;0.786;0.789
ENSCAFT00020026700_98;0.994;0.97;0.933;0.954;0.962;0.958;0.975;0.996;0.964;0.957;0.968;0.905;0.968;0.982;0.942;0.421;0.678;0.429;0.425;0.999;0.939;0.899;0.958;0.949;0.937;0.915;0.933;0.843;0.935;0.874;0.956;1.0;0.999;0.998;1.0;0.999;0.663;0.999;0.867;0.896;0.941;0.864;0.639;0.998;0.893;0.909;0.909;0.107;0.101;0.512;0.998;0.11;0.893;0.163;0.955;0.835;0.133;0.035;0.498;0.55;0.124;0.522;0.43;0.937;0.996;0.946;0.996;0.133;0.14;0.169;0.251;0.192;0.07;0.194;0.13;0.07;0.168;0.353;0.988;0.998;0.998;0.044;0.932;0.995;0.356;0.004;0.995;0.998;0.995;0.998;0.995;0.664;0.998;0.573;0.959;0.998;0.356;0.989;0.032;0.097;0.956;0.1;0.97;0.998;0.929;0.929;0.999;0.928;0.999;0.999;1.0;0.998;1.0;0.593;0.539;0.232;0.903;0.917;0.917;0.92;0.917;0.076;0.076;0.109;0.996;0.992;0.986;0.986;0.978;0.95;0.107;0.183;0.989;0.058;0.989;0.95;0.255;0.923;0.989;0.989;0.998;0.938;0.146;0.925;0.12;0.174;0.23;0.009;0.979;0.129;0.16;0.998;0.925;0.629;0.178;0.654;0.863;0.873
ENSCAFT00020026705_98;0.99;0.948;0.891;0.916;0.925;0.927;0.958;0.978;0.91;0.94;0.947;0.897;0.947;0.924;0.891;0.374;0.781;0.367;0.372;0.997;0.917;0.885;0.931;0.889;0.907;0.906;0.939;0.781;0.941;0.926;0.926;0.998;1.0;0.998;0.999;1.0;0.725;0.992;0.841;0.897;0.931;0.742;0.35;0.994;0.933;0.831;0.831;0.143;0.206;0.347;0.994;0.201;0.933;0.261;0.92;0.659;0.316;0.093;0.57;0.614;0.173;0.62;0.429;0.947;0.994;0.887;0.994;0.176;0.267;0.272;0.432;0.291;0.099;0.3;0.248;0.099;0.347;0.457;0.984;0.99;0.998;0.039;0.891;0.996;0.657;0.018;0.996;0.99;0.996;0.998;0.987;0.381;0.998;0.769;0.927;0.99;0.657;0.992;0.042;0.178;0.884;0.181;0.939;0.994;0.95;0.95;0.992;0.905;0.994;1.0;0.963;0.929;0.956;0.73;0.711;0.298;0.912;0.864;0.864;0.865;0.861;0.114;0.114;0.227;0.994;0.989;0.989;0.989;0.976;0.921;0.136;0.319;0.992;0.087;0.984;0.921;0.493;0.893;0.992;0.992;0.998;0.886;0.278;0.869;0.195;0.089;0.125;0.017;0.972;0.177;0.222;0.994;0.907;0.686;0.275;0.479;0.786;0.79
ENSCAFT00020026716_98;0.73;0.721;0.41;0.616;0.566;0.615;0.631;0.725;0.527;0.632;0.641;0.485;0.641;0.605;0.578;0.342;0.792;0.387;0.346;0.731;0.57;0.474;0.595;0.672;0.524;0.656;0.738;0.566;0.73;0.744;0.586;0.669;0.615;0.724;0.663;0.725;1.0;0.74;0.533;0.564;0.663;0.514;0.107;0.722;0.752;0.562;0.562;0.419;0.449;0.297;0.722;0.348;0.752;0.603;0.637;0.274;0.471;0.324;0.612;0.595;0.191;0.622;0.441;0.599;0.72;0.669;0.72;0.518;0.144;0.601;0.688;0.627;0.299;0.631;0.131;0.299;0.149;0.314;0.718;0.717;0.724;0.13;0.536;0.72;0.81;0.062;0.72;0.717;0.72;0.724;0.713;0.135;0.724;0.894;0.593;0.717;0.81;0.717;0.157;0.104;0.652;0.422;0.598;0.722;0.753;0.753;0.736;0.495;0.722;0.606;0.756;0.75;0.756;0.76;0.55;0.408;0.812;0.608;0.608;0.612;0.608;0.373;0.373;0.133;0.72;0.719;0.713;0.713;0.711;0.586;0.418;0.627;0.717;0.293;0.71;0.586;0.721;0.551;0.717;0.717;0.724;0.617;0.411;0.607;0.33;0.0;0.0;0.02;0.668;0.562;0.491;0.722;0.738;0.77;0.248;0.133;0.538;0.344
ENSCAFT00020035346_98;0.998;0.956;0.893;0.917;0.925;0.925;0.952;0.992;0.913;0.939;0.948;0.901;0.948;0.951;0.925;0.377;0.78;0.388;0.378;0.996;0.905;0.895;0.94;0.879;0.927;0.929;0.952;0.796;0.951;0.919;0.933;0.999;1.0;0.992;0.999;0.992;0.74;1.0;0.833;0.899;0.921;0.736;0.332;0.988;0.928;0.835;0.835;0.147;0.196;0.349;0.99;0.191;0.928;0.254;0.916;0.657;0.311;0.09;0.6;0.597;0.167;0.653;0.408;0.943;0.988;0.879;0.988;0.161;0.277;0.261;0.43;0.283;0.084;0.292;0.262;0.084;0.37;0.47;0.969;0.982;0.986;0.037;0.889;0.977;0.65;0.018;0.977;0.986;0.98;0.989;0.975;0.372;0.989;0.764;0.935;0.98;0.654;0.983;0.041;0.185;0.876;0.172;0.938;0.99;0.96;0.96;1.0;0.904;0.99;1.0;1.0;0.972;1.0;0.736;0.718;0.342;0.936;0.857;0.857;0.858;0.855;0.097;0.097;0.225;0.989;0.983;0.97;0.974;0.962;0.925;0.132;0.308;0.983;0.084;0.976;0.929;0.48;0.891;0.98;0.983;0.989;0.881;0.279;0.856;0.191;0.092;0.126;0.006;0.968;0.167;0.212;0.99;0.919;0.686;0.274;0.475;0.785;0.788
