;ENSCAFT00000004081_90_90;ENST00000320755_90_90;ENST00000357250_90_90;ENST00000370496_90_90;ENSMUST00000054588_90_90;ENSMUST00000088349_90_90
ENSCAFT00000004081_90_90;1.0;0.598;0.9;0.385;0.9;0.596
ENST00000320755_90_90;0.598;1.0;0.692;0.061;0.691;0.995
ENST00000357250_90_90;0.9;0.692;1.0;0.352;0.999;0.689
ENST00000370496_90_90;0.385;0.061;0.352;1.0;0.352;0.061
ENSMUST00000054588_90_90;0.9;0.691;0.999;0.352;1.0;0.691
ENSMUST00000088349_90_90;0.596;0.995;0.689;0.061;0.691;1.0
