;ENSCAFT00000005083_90_90;ENSCAFT00000005085_90_90;ENST00000272322_90_90;ENST00000354504_90_90;ENST00000409558_90_90;ENST00000416400_90_90;ENSMUST00000006221_90_90;ENSMUST00000109578_90_90;ENSMUST00000132017_90_90
ENSCAFT00000005083_90_90;1.0;0.672;0.672;1.0;0.708;0.169;0.672;0.708;1.0
ENSCAFT00000005085_90_90;0.672;1.0;1.0;0.672;0.938;0.1;1.0;0.938;0.672
ENST00000272322_90_90;0.672;1.0;1.0;0.595;0.894;0.082;1.0;0.894;0.617
ENST00000354504_90_90;1.0;0.672;0.595;1.0;0.64;0.127;0.617;0.672;1.0
ENST00000409558_90_90;0.708;0.938;0.894;0.64;1.0;0.093;0.894;1.0;0.672
ENST00000416400_90_90;0.169;0.1;0.082;0.127;0.093;1.0;0.087;0.1;0.169
ENSMUST00000006221_90_90;0.672;1.0;1.0;0.617;0.894;0.087;1.0;0.894;0.617
ENSMUST00000109578_90_90;0.708;0.938;0.894;0.672;1.0;0.1;0.894;1.0;0.672
ENSMUST00000132017_90_90;1.0;0.672;0.617;1.0;0.672;0.169;0.617;0.672;1.0
