;ENSCAFT00000023797_90_90;ENSCAFT00000049641_90_90;ENST00000239461_90_90;ENST00000367760_90_90;ENST00000497230_90_90;ENSMUST00000027878_90_90;ENSMUST00000075805_90_90;ENSMUST00000174397_90_90
ENSCAFT00000023797_90_90;1.0;0.631;1.0;0.546;0.657;1.0;0.657;0.657
ENSCAFT00000049641_90_90;0.631;1.0;0.546;0.999;0.71;0.63;0.96;0.96
ENST00000239461_90_90;1.0;0.546;1.0;0.631;0.657;1.0;0.738;0.657
ENST00000367760_90_90;0.546;0.999;0.631;1.0;0.71;0.714;0.956;0.793
ENST00000497230_90_90;0.657;0.71;0.657;0.71;1.0;0.657;0.828;1.0
ENSMUST00000027878_90_90;1.0;0.63;1.0;0.714;0.657;1.0;0.631;0.657
ENSMUST00000075805_90_90;0.657;0.96;0.738;0.956;0.828;0.631;1.0;0.71
ENSMUST00000174397_90_90;0.657;0.96;0.657;0.793;1.0;0.657;0.71;1.0
