;transcript1_ENSMPUG00000020072;transcript1_ENSMLUG00000027828;transcript1_ENSCCNG00000000226;transcript1_ENSLAFG00000030854;transcript10_ENSMLUG00000027828;transcript7_ENSCCNG00000000226;transcript15_ENSCCNG00000000226
transcript1_ENSMPUG00000020072;1.0;1.0;1.0;1.0;0.954;0.996;0.988
transcript1_ENSMLUG00000027828;1.0;1.0;1.0;1.0;0.955;0.994;0.99
transcript1_ENSCCNG00000000226;1.0;1.0;1.0;1.0;0.956;0.996;0.99
transcript1_ENSLAFG00000030854;1.0;1.0;1.0;1.0;0.955;0.996;0.99
transcript10_ENSMLUG00000027828;0.954;0.955;0.956;0.955;1.0;0.95;0.947
transcript7_ENSCCNG00000000226;0.996;0.994;0.996;0.996;0.95;1.0;0.994
transcript15_ENSCCNG00000000226;0.988;0.99;0.99;0.99;0.947;0.994;1.0
