;ENSCAFT00000010521_90_90;ENST00000318522_90_90;ENST00000401738_90_90;ENST00000402711_90_90;ENSMUST00000049503_90_90;ENSMUST00000096766_90_90;ENSMUST00000112363_90_90
ENSCAFT00000010521_90_90;1.0;0.938;1.0;0.845;0.734;1.0;0.827
ENST00000318522_90_90;0.938;1.0;0.895;0.908;0.805;0.883;0.899
ENST00000401738_90_90;1.0;0.895;1.0;0.815;0.722;1.0;0.798
ENST00000402711_90_90;0.845;0.908;0.815;1.0;0.893;0.798;1.0
ENSMUST00000049503_90_90;0.734;0.805;0.722;0.893;1.0;0.722;0.893
ENSMUST00000096766_90_90;1.0;0.883;1.0;0.798;0.722;1.0;0.798
ENSMUST00000112363_90_90;0.827;0.899;0.798;1.0;0.893;0.798;1.0
