;ENSCAFT00000001910_90_90;ENST00000374021_90_90;ENST00000374023_90_90;ENST00000374026_90_90;ENSMUST00000075076_90_90;ENSMUST00000114859_90_90;ENSMUST00000114863_90_90
ENSCAFT00000001910_90_90;1.0;0.746;0.998;0.771;0.979;0.688;0.941
ENST00000374021_90_90;0.746;1.0;0.752;0.53;0.726;0.441;0.693
ENST00000374023_90_90;0.998;0.752;1.0;0.779;0.979;0.688;0.941
ENST00000374026_90_90;0.771;0.53;0.779;1.0;0.753;0.466;0.719
ENSMUST00000075076_90_90;0.979;0.726;0.979;0.753;1.0;0.67;0.915
ENSMUST00000114859_90_90;0.688;0.441;0.688;0.466;0.67;1.0;0.742
ENSMUST00000114863_90_90;0.941;0.693;0.941;0.719;0.915;0.742;1.0
