;ENSCAFT00000022316_90_90;ENSCAFT00000022321_90_90;ENST00000392455_90_90;ENST00000392456_90_90;ENSMUST00000039443_90_90;ENSMUST00000096127_90_90;ENSMUST00000100026_90_90;ENSMUST00000143823_90_90
ENSCAFT00000022316_90_90;1.0;0.718;0.771;1.0;1.0;0.905;0.952;0.857
ENSCAFT00000022321_90_90;0.718;1.0;1.0;0.771;0.762;0.75;0.8;0.889
ENST00000392455_90_90;0.771;1.0;1.0;0.778;0.762;0.75;0.8;0.889
ENST00000392456_90_90;1.0;0.771;0.778;1.0;1.0;0.905;0.952;0.857
ENSMUST00000039443_90_90;1.0;0.762;0.762;1.0;1.0;0.889;0.926;0.815
ENSMUST00000096127_90_90;0.905;0.75;0.75;0.905;0.889;1.0;0.962;0.778
ENSMUST00000100026_90_90;0.952;0.8;0.8;0.952;0.926;0.962;1.0;0.815
ENSMUST00000143823_90_90;0.857;0.889;0.889;0.857;0.815;0.778;0.815;1.0
