;ENSCAFT00000003726_90_90;ENSCAFT00000003727_90_90;ENST00000502815_90_90;ENST00000504896_90_90;ENST00000506700_90_90;ENST00000506720_90_90;ENST00000506746_90_90;ENST00000507164_90_90;ENST00000507625_90_90;ENST00000508693_90_90;ENST00000508946_90_90;ENST00000509896_90_90;ENST00000511324_90_90;ENST00000512091_90_90;ENST00000514157_90_90;ENST00000514591_90_90;ENST00000514996_90_90;ENSMUST00000036068_90_90;ENSMUST00000072521_90_90;ENSMUST00000117253_90_90;ENSMUST00000117407_90_90;ENSMUST00000117985_90_90;ENSMUST00000118034_90_90;ENSMUST00000118078_90_90;ENSMUST00000118442_90_90;ENSMUST00000119385_90_90;ENSMUST00000119788_90_90;ENSMUST00000120128_90_90;ENSMUST00000120144_90_90;ENSMUST00000120292_90_90;ENSMUST00000120445_90_90;ENSMUST00000120673_90_90;ENSMUST00000121641_90_90;ENSMUST00000121707_90_90;ENSMUST00000122037_90_90;ENSMUST00000122356_90_90;ENSMUST00000124117_90_90;ENSMUST00000132375_90_90
ENSCAFT00000003726_90_90;1.0;0.668;0.893;0.506;0.523;0.646;0.649;0.487;0.666;0.485;0.675;0.497;0.5;0.52;0.509;0.694;0.678;0.66;0.66;0.492;0.486;0.674;0.677;0.523;0.497;0.5;0.658;0.52;0.508;0.506;0.484;0.645;0.648;0.664;0.697;0.666;0.849;0.0
ENSCAFT00000003727_90_90;0.668;1.0;0.599;0.759;0.783;0.966;0.971;0.805;0.997;0.802;0.923;0.823;0.827;0.779;0.763;0.948;0.928;0.987;0.983;0.741;0.8;0.918;0.922;0.778;0.818;0.822;0.98;0.775;0.757;0.754;0.796;0.96;0.965;0.988;0.948;0.992;0.57;0.041
ENST00000502815_90_90;0.893;0.599;1.0;0.439;0.454;0.581;0.584;0.422;0.6;0.42;0.607;0.432;0.434;0.451;0.441;0.624;0.61;0.595;0.595;0.425;0.422;0.607;0.61;0.454;0.432;0.434;0.592;0.451;0.441;0.439;0.42;0.581;0.584;0.598;0.628;0.6;0.951;0.0
ENST00000504896_90_90;0.506;0.759;0.439;1.0;0.959;0.792;0.787;0.943;0.76;0.95;0.828;0.918;0.911;0.966;0.993;0.799;0.822;0.768;0.765;0.961;0.935;0.822;0.816;0.952;0.911;0.905;0.756;0.959;0.985;0.992;0.942;0.787;0.782;0.759;0.789;0.755;0.409;0.049
ENST00000506700_90_90;0.523;0.783;0.454;0.959;1.0;0.76;0.764;0.917;0.785;0.911;0.794;0.941;0.948;0.993;0.966;0.817;0.798;0.784;0.78;0.934;0.911;0.789;0.794;0.992;0.934;0.941;0.77;0.985;0.959;0.952;0.905;0.755;0.76;0.785;0.817;0.781;0.424;0.051
ENST00000506720_90_90;0.646;0.966;0.581;0.792;0.76;1.0;0.994;0.829;0.967;0.835;0.957;0.808;0.802;0.765;0.787;0.93;0.951;0.968;0.964;0.764;0.824;0.951;0.946;0.755;0.803;0.798;0.961;0.761;0.782;0.787;0.83;0.994;0.988;0.958;0.919;0.962;0.552;0.04
ENST00000506746_90_90;0.649;0.971;0.584;0.787;0.764;0.994;1.0;0.834;0.973;0.829;0.951;0.802;0.807;0.76;0.791;0.924;0.957;0.962;0.958;0.768;0.829;0.946;0.951;0.76;0.798;0.802;0.955;0.755;0.786;0.782;0.824;0.988;0.994;0.964;0.924;0.968;0.555;0.04
ENST00000507164_90_90;0.487;0.805;0.422;0.943;0.917;0.829;0.834;1.0;0.807;0.993;0.787;0.962;0.968;0.911;0.949;0.76;0.791;0.805;0.802;0.919;0.992;0.782;0.786;0.911;0.955;0.961;0.792;0.905;0.942;0.935;0.986;0.824;0.829;0.806;0.76;0.802;0.394;0.047
ENST00000507625_90_90;0.666;0.997;0.6;0.76;0.785;0.967;0.973;0.807;1.0;0.802;0.924;0.825;0.829;0.781;0.764;0.95;0.929;0.989;0.985;0.741;0.802;0.919;0.924;0.781;0.82;0.825;0.981;0.776;0.76;0.755;0.798;0.962;0.968;0.991;0.95;0.995;0.571;0.041
ENST00000508693_90_90;0.485;0.802;0.42;0.95;0.911;0.835;0.829;0.993;0.802;1.0;0.792;0.968;0.962;0.918;0.943;0.765;0.787;0.811;0.807;0.913;0.986;0.787;0.782;0.905;0.961;0.955;0.798;0.911;0.935;0.942;0.992;0.83;0.824;0.802;0.755;0.798;0.392;0.046
ENST00000508946_90_90;0.675;0.923;0.607;0.828;0.794;0.957;0.951;0.787;0.924;0.792;1.0;0.765;0.76;0.799;0.822;0.972;0.994;0.925;0.921;0.797;0.782;0.994;0.988;0.789;0.761;0.755;0.918;0.795;0.816;0.822;0.787;0.951;0.946;0.916;0.96;0.919;0.577;0.042
ENST00000509896_90_90;0.497;0.823;0.432;0.918;0.941;0.808;0.802;0.962;0.825;0.968;0.765;1.0;0.993;0.948;0.911;0.787;0.76;0.833;0.83;0.882;0.955;0.761;0.755;0.934;0.993;0.986;0.819;0.941;0.905;0.911;0.961;0.803;0.798;0.824;0.776;0.82;0.403;0.048
ENST00000511324_90_90;0.5;0.827;0.434;0.911;0.948;0.802;0.807;0.968;0.829;0.962;0.76;0.993;1.0;0.941;0.917;0.781;0.764;0.827;0.824;0.887;0.961;0.755;0.76;0.941;0.986;0.993;0.813;0.934;0.911;0.905;0.955;0.798;0.802;0.829;0.781;0.825;0.405;0.048
ENST00000512091_90_90;0.52;0.779;0.451;0.966;0.993;0.765;0.76;0.911;0.781;0.918;0.799;0.948;0.941;1.0;0.959;0.823;0.794;0.789;0.786;0.928;0.905;0.795;0.789;0.985;0.941;0.934;0.776;0.993;0.952;0.959;0.911;0.761;0.755;0.78;0.812;0.776;0.421;0.051
ENST00000514157_90_90;0.509;0.763;0.441;0.993;0.966;0.787;0.791;0.949;0.764;0.943;0.822;0.911;0.917;0.959;1.0;0.794;0.827;0.762;0.759;0.967;0.942;0.816;0.821;0.959;0.905;0.911;0.75;0.952;0.992;0.985;0.935;0.782;0.786;0.763;0.794;0.76;0.412;0.049
ENST00000514591_90_90;0.694;0.948;0.624;0.799;0.817;0.93;0.924;0.76;0.95;0.765;0.972;0.787;0.781;0.823;0.794;1.0;0.966;0.951;0.947;0.77;0.755;0.966;0.96;0.812;0.782;0.776;0.943;0.818;0.789;0.795;0.761;0.925;0.919;0.941;0.988;0.945;0.594;0.043
ENST00000514996_90_90;0.678;0.928;0.61;0.822;0.798;0.951;0.957;0.791;0.929;0.787;0.994;0.76;0.764;0.794;0.827;0.966;1.0;0.919;0.916;0.802;0.786;0.988;0.994;0.794;0.755;0.76;0.913;0.789;0.821;0.816;0.782;0.946;0.951;0.921;0.966;0.924;0.58;0.042
ENSMUST00000036068_90_90;0.66;0.987;0.595;0.768;0.784;0.968;0.962;0.805;0.989;0.811;0.925;0.833;0.827;0.789;0.762;0.951;0.919;1.0;0.994;0.74;0.8;0.92;0.915;0.779;0.828;0.823;0.981;0.785;0.758;0.764;0.806;0.963;0.957;0.988;0.94;0.984;0.565;0.04
ENSMUST00000072521_90_90;0.66;0.983;0.595;0.765;0.78;0.964;0.958;0.802;0.985;0.807;0.921;0.83;0.824;0.786;0.759;0.947;0.916;0.994;1.0;0.745;0.806;0.926;0.921;0.785;0.834;0.828;0.988;0.79;0.764;0.769;0.812;0.969;0.963;0.994;0.946;0.99;0.565;0.043
ENSMUST00000117253_90_90;0.492;0.741;0.425;0.961;0.934;0.764;0.768;0.919;0.741;0.913;0.797;0.882;0.887;0.928;0.967;0.77;0.802;0.74;0.745;1.0;0.926;0.802;0.807;0.941;0.888;0.894;0.75;0.935;0.975;0.968;0.92;0.768;0.773;0.749;0.779;0.746;0.396;0.053
ENSMUST00000117407_90_90;0.486;0.8;0.422;0.935;0.911;0.824;0.829;0.992;0.802;0.986;0.782;0.955;0.961;0.905;0.942;0.755;0.786;0.8;0.806;0.926;1.0;0.787;0.791;0.917;0.962;0.968;0.796;0.911;0.949;0.943;0.993;0.829;0.834;0.811;0.764;0.807;0.394;0.05
ENSMUST00000117985_90_90;0.674;0.918;0.607;0.822;0.789;0.951;0.946;0.782;0.919;0.787;0.994;0.761;0.755;0.795;0.816;0.966;0.988;0.92;0.926;0.802;0.787;1.0;0.994;0.794;0.765;0.76;0.922;0.799;0.822;0.828;0.792;0.957;0.951;0.921;0.966;0.924;0.577;0.044
ENSMUST00000118034_90_90;0.677;0.922;0.61;0.816;0.794;0.946;0.951;0.786;0.924;0.782;0.988;0.755;0.76;0.789;0.821;0.96;0.994;0.915;0.921;0.807;0.791;0.994;1.0;0.798;0.76;0.764;0.917;0.794;0.827;0.822;0.787;0.951;0.957;0.926;0.971;0.929;0.58;0.045
ENSMUST00000118078_90_90;0.523;0.778;0.454;0.952;0.992;0.755;0.76;0.911;0.781;0.905;0.789;0.934;0.941;0.985;0.959;0.812;0.794;0.779;0.785;0.941;0.917;0.794;0.798;1.0;0.941;0.948;0.774;0.993;0.966;0.959;0.911;0.76;0.764;0.789;0.822;0.785;0.424;0.054
ENSMUST00000118442_90_90;0.497;0.818;0.432;0.911;0.934;0.803;0.798;0.955;0.82;0.961;0.761;0.993;0.986;0.941;0.905;0.782;0.755;0.828;0.834;0.888;0.962;0.765;0.76;0.941;1.0;0.993;0.823;0.948;0.911;0.918;0.968;0.808;0.802;0.828;0.781;0.825;0.403;0.051
ENSMUST00000119385_90_90;0.5;0.822;0.434;0.905;0.941;0.798;0.802;0.961;0.825;0.955;0.755;0.986;0.993;0.934;0.911;0.776;0.76;0.823;0.828;0.894;0.968;0.76;0.764;0.948;0.993;1.0;0.818;0.941;0.917;0.911;0.962;0.802;0.807;0.833;0.785;0.829;0.405;0.052
ENSMUST00000119788_90_90;0.658;0.98;0.592;0.756;0.77;0.961;0.955;0.792;0.981;0.798;0.918;0.819;0.813;0.776;0.75;0.943;0.913;0.981;0.988;0.75;0.796;0.922;0.917;0.774;0.823;0.818;1.0;0.78;0.754;0.759;0.801;0.965;0.959;0.982;0.942;0.986;0.563;0.043
ENSMUST00000120128_90_90;0.52;0.775;0.451;0.959;0.985;0.761;0.755;0.905;0.776;0.911;0.795;0.941;0.934;0.993;0.952;0.818;0.789;0.785;0.79;0.935;0.911;0.799;0.794;0.993;0.948;0.941;0.78;1.0;0.959;0.966;0.918;0.765;0.76;0.785;0.817;0.781;0.421;0.054
ENSMUST00000120144_90_90;0.508;0.757;0.441;0.985;0.959;0.782;0.786;0.942;0.76;0.935;0.816;0.905;0.911;0.952;0.992;0.789;0.821;0.758;0.764;0.975;0.949;0.822;0.827;0.966;0.911;0.917;0.754;0.959;1.0;0.993;0.943;0.787;0.791;0.768;0.798;0.764;0.412;0.053
ENSMUST00000120292_90_90;0.506;0.754;0.439;0.992;0.952;0.787;0.782;0.935;0.755;0.942;0.822;0.911;0.905;0.959;0.985;0.795;0.816;0.764;0.769;0.968;0.943;0.828;0.822;0.959;0.918;0.911;0.759;0.966;0.993;1.0;0.95;0.792;0.787;0.764;0.794;0.76;0.409;0.052
ENSMUST00000120445_90_90;0.484;0.796;0.42;0.942;0.905;0.83;0.824;0.986;0.798;0.992;0.787;0.961;0.955;0.911;0.935;0.761;0.782;0.806;0.812;0.92;0.993;0.792;0.787;0.911;0.968;0.962;0.801;0.918;0.943;0.95;1.0;0.835;0.829;0.806;0.76;0.802;0.392;0.05
ENSMUST00000120673_90_90;0.645;0.96;0.581;0.787;0.755;0.994;0.988;0.824;0.962;0.83;0.951;0.803;0.798;0.761;0.782;0.925;0.946;0.963;0.969;0.768;0.829;0.957;0.951;0.76;0.808;0.802;0.965;0.765;0.787;0.792;0.835;1.0;0.994;0.963;0.924;0.967;0.552;0.042
ENSMUST00000121641_90_90;0.648;0.965;0.584;0.782;0.76;0.988;0.994;0.829;0.968;0.824;0.946;0.798;0.802;0.755;0.786;0.919;0.951;0.957;0.963;0.773;0.834;0.951;0.957;0.764;0.802;0.807;0.959;0.76;0.791;0.787;0.829;0.994;1.0;0.969;0.929;0.973;0.555;0.043
ENSMUST00000121707_90_90;0.664;0.988;0.598;0.759;0.785;0.958;0.964;0.806;0.991;0.802;0.916;0.824;0.829;0.78;0.763;0.941;0.921;0.988;0.994;0.749;0.811;0.921;0.926;0.789;0.828;0.833;0.982;0.785;0.768;0.764;0.806;0.963;0.969;1.0;0.952;0.996;0.569;0.044
ENSMUST00000122037_90_90;0.697;0.948;0.628;0.789;0.817;0.919;0.924;0.76;0.95;0.755;0.96;0.776;0.781;0.812;0.794;0.988;0.966;0.94;0.946;0.779;0.764;0.966;0.971;0.822;0.781;0.785;0.942;0.817;0.798;0.794;0.76;0.924;0.929;0.952;1.0;0.955;0.597;0.046
ENSMUST00000122356_90_90;0.666;0.992;0.6;0.755;0.781;0.962;0.968;0.802;0.995;0.798;0.919;0.82;0.825;0.776;0.76;0.945;0.924;0.984;0.99;0.746;0.807;0.924;0.929;0.785;0.825;0.829;0.986;0.781;0.764;0.76;0.802;0.967;0.973;0.996;0.955;1.0;0.571;0.044
ENSMUST00000124117_90_90;0.849;0.57;0.951;0.409;0.424;0.552;0.555;0.394;0.571;0.392;0.577;0.403;0.405;0.421;0.412;0.594;0.58;0.565;0.565;0.396;0.394;0.577;0.58;0.424;0.403;0.405;0.563;0.421;0.412;0.409;0.392;0.552;0.555;0.569;0.597;0.571;1.0;0.0
ENSMUST00000132375_90_90;0.0;0.041;0.0;0.049;0.051;0.04;0.04;0.047;0.041;0.046;0.042;0.048;0.048;0.051;0.049;0.043;0.042;0.04;0.043;0.053;0.05;0.044;0.045;0.054;0.051;0.052;0.043;0.054;0.053;0.052;0.05;0.042;0.043;0.044;0.046;0.044;0.0;1.0
