;ENSCAFT00000008032_90_90;ENST00000345008_90_90;ENST00000397463_90_90;ENST00000449209_90_90;ENSMUST00000027582_90_90;ENSMUST00000159417_90_90;ENSMUST00000159529_90_90;ENSMUST00000161361_90_90;ENSMUST00000162899_90_90
ENSCAFT00000008032_90_90;1.0;0.551;0.771;0.061;0.631;0.773;0.631;0.206;0.631
ENST00000345008_90_90;0.551;1.0;0.631;0.0;0.779;0.632;0.779;0.177;0.779
ENST00000397463_90_90;0.771;0.631;1.0;0.182;0.512;0.503;0.512;0.116;0.512
ENST00000449209_90_90;0.061;0.0;0.182;1.0;0.0;0.0;0.0;0.0;0.0
ENSMUST00000027582_90_90;0.631;0.779;0.512;0.0;1.0;0.631;1.0;0.326;1.0
ENSMUST00000159417_90_90;0.773;0.632;0.503;0.0;0.631;1.0;0.631;0.206;0.631
ENSMUST00000159529_90_90;0.631;0.779;0.512;0.0;1.0;0.631;1.0;0.326;1.0
ENSMUST00000161361_90_90;0.206;0.177;0.116;0.0;0.326;0.206;0.326;1.0;0.326
ENSMUST00000162899_90_90;0.631;0.779;0.512;0.0;1.0;0.631;1.0;0.326;1.0
