;ENSCAFT00000020479_90_90;ENST00000318247_90_90;ENST00000356728_90_90;ENST00000638901_90_90;ENSMUST00000029795_90_90;ENSMUST00000197040_90_90;ENSMUST00000200009_90_90
ENSCAFT00000020479_90_90;1.0;0.636;0.455;0.455;1.0;0.4;0.3
ENST00000318247_90_90;0.636;1.0;0.455;0.059;0.636;0.571;0.333
ENST00000356728_90_90;0.455;0.455;1.0;0.0;0.308;0.667;0.833
ENST00000638901_90_90;0.455;0.059;0.0;1.0;0.455;0.0;0.0
ENSMUST00000029795_90_90;1.0;0.636;0.308;0.455;1.0;0.333;0.2
ENSMUST00000197040_90_90;0.4;0.571;0.667;0.0;0.333;1.0;0.333
ENSMUST00000200009_90_90;0.3;0.333;0.833;0.0;0.2;0.333;1.0
