;ENSCAFT00000008032_90_90;ENST00000345008_90_90;ENST00000397463_90_90;ENST00000449209_90_90;ENSMUST00000027582_90_90;ENSMUST00000159417_90_90;ENSMUST00000159529_90_90;ENSMUST00000161361_90_90;ENSMUST00000162899_90_90
ENSCAFT00000008032_90_90;1.0;0.626;0.983;0.196;0.631;0.965;0.631;0.206;0.631
ENST00000345008_90_90;0.626;1.0;0.631;0.0;0.993;0.642;0.993;0.318;0.993
ENST00000397463_90_90;0.983;0.631;1.0;0.182;0.626;0.972;0.626;0.201;0.626
ENST00000449209_90_90;0.196;0.0;0.182;1.0;0.0;0.16;0.0;0.0;0.0
ENSMUST00000027582_90_90;0.631;0.993;0.626;0.0;1.0;0.631;1.0;0.326;1.0
ENSMUST00000159417_90_90;0.965;0.642;0.972;0.16;0.631;1.0;0.631;0.206;0.631
ENSMUST00000159529_90_90;0.631;0.993;0.626;0.0;1.0;0.631;1.0;0.326;1.0
ENSMUST00000161361_90_90;0.206;0.318;0.201;0.0;0.326;0.206;0.326;1.0;0.326
ENSMUST00000162899_90_90;0.631;0.993;0.626;0.0;1.0;0.631;1.0;0.326;1.0
