;ENSCAFT00000018938_90_90;ENST00000344384_90_90;ENST00000380470_90_90;ENST00000480796_90_90;ENST00000485437_90_90;ENSMUST00000033755_90_90;ENSMUST00000036858_90_90
ENSCAFT00000018938_90_90;1.0;0.613;0.722;0.798;0.526;0.722;0.888
ENST00000344384_90_90;0.613;1.0;0.547;0.613;0.334;0.849;0.554
ENST00000380470_90_90;0.722;0.547;1.0;0.911;0.531;0.512;0.806
ENST00000480796_90_90;0.798;0.613;0.911;1.0;0.605;0.579;0.888
ENST00000485437_90_90;0.526;0.334;0.531;0.605;1.0;0.351;0.605
ENSMUST00000033755_90_90;0.722;0.849;0.512;0.579;0.351;1.0;0.643
ENSMUST00000036858_90_90;0.888;0.554;0.806;0.888;0.605;0.643;1.0
