;ENSCAFT00000005083_90_90;ENSCAFT00000005085_90_90;ENST00000272322_90_90;ENST00000354504_90_90;ENST00000409558_90_90;ENST00000416400_90_90;ENSMUST00000006221_90_90;ENSMUST00000109578_90_90;ENSMUST00000132017_90_90
ENSCAFT00000005083_90_90;1.0;0.672;0.57;0.744;0.603;0.115;0.625;0.672;1.0
ENSCAFT00000005085_90_90;0.672;1.0;0.777;0.626;0.766;0.079;0.91;0.908;0.672
ENST00000272322_90_90;0.57;0.777;1.0;0.592;0.91;0.114;0.855;0.777;0.57
ENST00000354504_90_90;0.744;0.626;0.592;1.0;0.627;0.168;0.591;0.626;0.744
ENST00000409558_90_90;0.603;0.766;0.91;0.627;1.0;0.129;0.777;0.832;0.603
ENST00000416400_90_90;0.115;0.079;0.114;0.168;0.129;1.0;0.072;0.079;0.115
ENSMUST00000006221_90_90;0.625;0.91;0.855;0.591;0.777;0.072;1.0;0.91;0.625
ENSMUST00000109578_90_90;0.672;0.908;0.777;0.626;0.832;0.079;0.91;1.0;0.672
ENSMUST00000132017_90_90;1.0;0.672;0.57;0.744;0.603;0.115;0.625;0.672;1.0
