;ENSBTAT00000002532_98;ENSBTAT00000067624_98;ENSBTAT00000021217_98;ENSBTAT00000081862_98;ENSBTAT00000083081_98;ENSBTAT00000072278_98;ENSBTAT00000075149_98;ENSBTAT00000077048_98;ENSCAFT00000012309_98;ENSCAFT00000050009_98;ENSCAFT00000021291_98;ENSCAFT00000072488_98;ENSCAFT00000076079_98;ENSCAFT00000076902_98;ENSCAFT00000085982_98;ENSCAFT00020009065_98;ENSCAFT00020017369_98;ENSCAFT00020017376_98;ENSCAFT00020039950_98;ENSCAFT00020039951_98;ENST00000216456_98;ENST00000554636_98;ENST00000554659_98;ENST00000555543_98;ENST00000556461_98;ENST00000225567_98;ENST00000393456_98;ENST00000415811_98;ENST00000570879_98;ENST00000571048_98;ENST00000573224_98;ENST00000575949_98;ENST00000576910_98;ENST00000623037_98;ENST00000638189_98;ENST00000638216_98;ENST00000638219_98;ENST00000638374_98;ENST00000638468_98;ENST00000638579_98;ENST00000638634_98;ENST00000638697_98;ENST00000638838_98;ENST00000638892_98;ENST00000639031_98;ENST00000639199_98;ENST00000639287_98;ENST00000639365_98;ENST00000639388_98;ENST00000639713_98;ENST00000639985_98;ENST00000640007_98;ENST00000640051_98;ENST00000640068_98;ENST00000640138_98;ENST00000640269_98;ENST00000640358_98;ENST00000640443_98;ENST00000640495_98;ENST00000640608_98;ENST00000640621_98;ENST00000640711_98;ENST00000640723_98;ENST00000640792_98;ENST00000640806_98;ENST00000640866_98;ENST00000640871_98;ENST00000393077_98;ENST00000432306_98;ENST00000571841_98;ENSGALT00000040859_98;ENSGALT00000094742_98;ENSGALT00000096065_98;ENSGALT00000053125_98;ENSGALT00000088195_98;ENSGALT00000015509_98;ENSMUST00000021329_98;ENSMUST00000107013_98;ENSMUST00000055262_98;ENSMUST00000162569_98;ENSMUST00000162789_98;ENSMUST00000163031_98;ENSMUST00000095950_98;ENSMUST00000223690_98;ENSMUST00000225529_98
ENSBTAT00000002532_98;1.0;0.528;0.24;0.285;0.24;0.804;0.815;0.639;0.751;0.667;0.514;0.358;0.504;0.317;0.474;0.724;0.692;0.68;0.58;0.668;0.349;0.028;0.135;0.342;0.0;0.353;0.466;0.214;0.234;0.329;0.353;0.347;0.381;0.322;0.351;0.382;0.353;0.148;0.431;0.353;0.465;0.43;0.381;0.065;0.0;0.429;0.214;0.353;0.353;0.341;0.43;0.347;0.381;0.466;0.148;0.214;0.352;0.382;0.148;0.465;0.214;0.139;0.354;0.351;0.235;0.121;0.147;0.569;0.491;0.649;0.188;0.229;0.159;0.422;0.409;0.731;0.242;0.287;0.575;0.681;0.033;0.277;0.59;0.59;0.397
ENSBTAT00000067624_98;0.528;1.0;0.516;0.38;0.515;0.624;0.632;0.845;0.921;0.921;0.801;0.636;0.827;0.598;0.765;0.861;0.956;0.927;0.772;0.834;0.0;0.449;0.483;0.029;0.414;0.225;0.134;0.182;0.118;0.0;0.225;0.0;0.252;0.29;0.224;0.252;0.225;0.357;0.107;0.225;0.133;0.107;0.252;0.071;0.26;0.107;0.182;0.225;0.226;0.23;0.107;0.0;0.252;0.134;0.357;0.182;0.225;0.252;0.357;0.133;0.182;0.155;0.226;0.224;0.119;0.134;0.348;0.038;0.059;0.857;0.426;0.505;0.579;0.608;0.636;0.848;0.52;0.383;0.869;0.536;0.214;0.27;0.129;0.129;0.081
ENSBTAT00000021217_98;0.24;0.516;1.0;0.799;0.907;0.067;0.067;0.55;0.646;0.574;0.626;0.656;0.568;0.676;0.637;0.608;0.585;0.573;0.357;0.616;0.103;0.489;0.786;0.169;0.42;0.363;0.241;0.443;0.354;0.276;0.363;0.299;0.363;0.435;0.361;0.371;0.363;0.118;0.241;0.363;0.239;0.237;0.363;0.0;0.197;0.238;0.455;0.362;0.37;0.349;0.238;0.299;0.363;0.241;0.118;0.455;0.361;0.371;0.118;0.239;0.443;0.091;0.371;0.361;0.368;0.0;0.143;0.478;0.581;0.643;0.669;0.902;0.871;0.76;0.805;0.64;0.971;0.768;0.633;0.181;0.471;0.256;0.485;0.485;0.591
ENSBTAT00000081862_98;0.285;0.38;0.799;1.0;0.716;0.098;0.097;0.352;0.532;0.437;0.503;0.525;0.443;0.54;0.51;0.508;0.444;0.436;0.267;0.516;0.133;0.346;0.573;0.217;0.24;0.273;0.351;0.251;0.27;0.401;0.273;0.424;0.273;0.245;0.271;0.277;0.272;0.0;0.351;0.272;0.339;0.335;0.273;0.0;0.0;0.338;0.253;0.272;0.276;0.251;0.338;0.424;0.273;0.351;0.0;0.253;0.271;0.277;0.0;0.339;0.251;0.131;0.276;0.271;0.277;0.0;0.015;0.504;0.618;0.534;0.839;0.721;0.669;0.676;0.66;0.548;0.768;0.964;0.407;0.262;0.24;0.368;0.511;0.511;0.63
ENSBTAT00000083081_98;0.24;0.515;0.907;0.716;1.0;0.052;0.051;0.564;0.646;0.575;0.625;0.654;0.567;0.674;0.635;0.651;0.585;0.574;0.387;0.592;0.102;0.487;0.783;0.168;0.419;0.415;0.237;0.498;0.49;0.271;0.415;0.349;0.414;0.49;0.412;0.365;0.414;0.116;0.237;0.414;0.286;0.282;0.414;0.0;0.194;0.285;0.447;0.413;0.363;0.343;0.285;0.349;0.414;0.237;0.116;0.447;0.413;0.365;0.116;0.286;0.498;0.044;0.364;0.413;0.421;0.0;0.141;0.48;0.584;0.649;0.663;0.911;0.863;0.778;0.824;0.679;0.976;0.773;0.632;0.18;0.469;0.256;0.487;0.487;0.593
ENSBTAT00000072278_98;0.804;0.624;0.067;0.098;0.052;1.0;0.749;0.515;0.708;0.748;0.585;0.467;0.548;0.345;0.471;0.705;0.772;0.654;0.689;0.618;0.0;0.042;0.0;0.0;0.0;0.148;0.219;0.0;0.0;0.0;0.148;0.0;0.166;0.144;0.136;0.167;0.148;0.17;0.198;0.148;0.218;0.309;0.166;0.074;0.0;0.189;0.0;0.148;0.144;0.148;0.197;0.0;0.166;0.219;0.17;0.0;0.143;0.167;0.17;0.218;0.0;0.227;0.148;0.143;0.02;0.15;0.215;0.558;0.406;0.656;0.05;0.245;0.04;0.319;0.303;0.646;0.053;0.077;0.531;0.724;0.033;0.192;0.566;0.566;0.384
ENSBTAT00000075149_98;0.815;0.632;0.067;0.097;0.051;0.749;1.0;0.656;0.742;0.769;0.528;0.38;0.491;0.339;0.499;0.717;0.665;0.818;0.658;0.588;0.0;0.041;0.0;0.0;0.0;0.134;0.223;0.0;0.0;0.0;0.134;0.0;0.172;0.131;0.194;0.172;0.134;0.175;0.172;0.134;0.222;0.178;0.172;0.089;0.0;0.198;0.0;0.134;0.154;0.134;0.172;0.0;0.172;0.223;0.175;0.0;0.153;0.172;0.175;0.222;0.0;0.197;0.134;0.153;0.018;0.227;0.193;0.553;0.403;0.569;0.049;0.241;0.038;0.312;0.297;0.66;0.052;0.077;0.573;0.608;0.034;0.197;0.559;0.559;0.38
ENSBTAT00000077048_98;0.639;0.845;0.55;0.352;0.564;0.515;0.656;1.0;0.879;0.895;0.644;0.53;0.685;0.497;0.621;0.762;0.83;0.919;0.774;0.784;0.0;0.524;0.415;0.0;0.162;0.308;0.161;0.183;0.182;0.0;0.308;0.0;0.321;0.327;0.372;0.322;0.308;0.326;0.143;0.308;0.16;0.152;0.321;0.056;0.185;0.164;0.184;0.308;0.331;0.309;0.142;0.0;0.321;0.161;0.326;0.184;0.33;0.322;0.326;0.16;0.183;0.141;0.309;0.33;0.161;0.19;0.374;0.149;0.0;0.73;0.364;0.397;0.57;0.595;0.633;0.794;0.566;0.362;0.814;0.518;0.154;0.249;0.177;0.177;0.0
ENSCAFT00000012309_98;0.751;0.921;0.646;0.532;0.646;0.708;0.742;0.879;1.0;0.956;0.867;0.671;0.829;0.576;0.802;1.0;0.921;0.957;0.829;0.992;0.081;0.37;0.466;0.12;0.21;0.438;0.388;0.255;0.255;0.16;0.438;0.16;0.483;0.438;0.438;0.483;0.438;0.323;0.342;0.438;0.388;0.342;0.483;0.083;0.095;0.342;0.255;0.438;0.438;0.438;0.342;0.16;0.483;0.388;0.323;0.255;0.438;0.483;0.323;0.388;0.255;0.183;0.438;0.438;0.255;0.158;0.302;0.412;0.473;0.997;0.457;0.647;0.57;0.702;0.736;0.994;0.646;0.532;0.884;0.649;0.149;0.258;0.416;0.416;0.43
ENSCAFT00000050009_98;0.667;0.921;0.574;0.437;0.575;0.748;0.769;0.895;0.956;1.0;0.798;0.651;0.822;0.53;0.681;0.875;0.895;0.973;0.876;0.947;0.0;0.464;0.478;0.0;0.312;0.279;0.247;0.067;0.067;0.0;0.279;0.0;0.312;0.279;0.316;0.314;0.279;0.317;0.213;0.279;0.246;0.245;0.312;0.08;0.068;0.212;0.067;0.279;0.28;0.28;0.212;0.0;0.312;0.247;0.317;0.067;0.279;0.314;0.317;0.246;0.067;0.214;0.28;0.279;0.067;0.218;0.379;0.517;0.0;0.907;0.442;0.57;0.581;0.618;0.657;0.866;0.576;0.438;0.78;0.653;0.114;0.222;0.523;0.523;0.0
ENSCAFT00000021291_98;0.514;0.801;0.626;0.503;0.625;0.585;0.528;0.644;0.867;0.798;1.0;0.83;0.914;0.513;0.78;0.833;0.782;0.772;0.831;0.921;0.0;0.428;0.526;0.049;0.301;0.403;0.287;0.208;0.208;0.0;0.403;0.0;0.479;0.403;0.401;0.481;0.403;0.485;0.21;0.403;0.285;0.246;0.479;0.139;0.21;0.209;0.209;0.403;0.404;0.404;0.209;0.0;0.479;0.287;0.485;0.209;0.402;0.481;0.485;0.285;0.208;0.21;0.404;0.402;0.208;0.226;0.161;0.408;0.436;0.951;0.485;0.621;0.605;0.664;0.703;0.801;0.631;0.506;0.696;0.568;0.15;0.24;0.4;0.4;0.419
ENSCAFT00000072488_98;0.358;0.636;0.656;0.525;0.654;0.467;0.38;0.53;0.671;0.651;0.83;1.0;0.744;0.602;0.622;0.658;0.649;0.597;0.673;0.762;0.0;0.454;0.555;0.051;0.32;0.226;0.0;0.436;0.435;0.0;0.226;0.0;0.196;0.226;0.225;0.196;0.226;0.198;0.0;0.226;0.0;0.043;0.196;0.0;0.439;0.0;0.437;0.226;0.227;0.227;0.0;0.0;0.196;0.0;0.198;0.437;0.226;0.196;0.198;0.0;0.436;0.0;0.227;0.225;0.435;0.0;0.175;0.417;0.444;0.787;0.512;0.644;0.642;0.708;0.748;0.629;0.662;0.53;0.514;0.406;0.185;0.298;0.41;0.41;0.427
ENSCAFT00000076079_98;0.504;0.827;0.568;0.443;0.567;0.548;0.491;0.685;0.829;0.822;0.914;0.744;1.0;0.439;0.7;0.752;0.81;0.794;0.826;0.916;0.0;0.465;0.48;0.013;0.327;0.406;0.29;0.21;0.209;0.0;0.406;0.0;0.483;0.406;0.405;0.485;0.406;0.49;0.213;0.406;0.288;0.248;0.483;0.141;0.211;0.211;0.21;0.406;0.408;0.408;0.211;0.0;0.483;0.29;0.49;0.21;0.406;0.485;0.49;0.288;0.21;0.213;0.408;0.405;0.209;0.229;0.163;0.141;0.037;0.928;0.452;0.515;0.58;0.617;0.655;0.78;0.572;0.446;0.723;0.589;0.154;0.249;0.163;0.163;0.062
ENSCAFT00000076902_98;0.317;0.598;0.676;0.54;0.674;0.345;0.339;0.497;0.576;0.53;0.513;0.602;0.439;1.0;0.567;0.58;0.583;0.536;0.438;0.524;0.0;0.472;0.576;0.053;0.333;0.183;0.029;0.2;0.199;0.0;0.183;0.0;0.168;0.183;0.182;0.169;0.183;0.172;0.032;0.183;0.029;0.03;0.168;0.0;0.204;0.032;0.201;0.183;0.184;0.184;0.032;0.0;0.168;0.029;0.172;0.201;0.183;0.169;0.172;0.029;0.2;0.033;0.184;0.182;0.2;0.0;0.549;0.423;0.448;0.545;0.532;0.659;0.668;0.754;0.797;0.562;0.685;0.547;0.459;0.257;0.257;0.409;0.416;0.416;0.431
ENSCAFT00000085982_98;0.474;0.765;0.637;0.51;0.635;0.471;0.499;0.621;0.802;0.681;0.78;0.622;0.7;0.567;1.0;0.787;0.727;0.718;0.667;0.756;0.0;0.438;0.536;0.05;0.308;0.434;0.309;0.225;0.225;0.0;0.434;0.0;0.517;0.434;0.432;0.519;0.434;0.524;0.227;0.434;0.307;0.211;0.517;0.15;0.227;0.226;0.226;0.434;0.435;0.436;0.226;0.0;0.517;0.309;0.524;0.226;0.433;0.519;0.524;0.307;0.225;0.228;0.436;0.433;0.225;0.245;0.169;0.412;0.439;0.782;0.495;0.63;0.619;0.69;0.729;0.776;0.642;0.515;0.723;0.387;0.181;0.29;0.404;0.404;0.422
ENSCAFT00020009065_98;0.724;0.861;0.608;0.508;0.651;0.705;0.717;0.762;1.0;0.875;0.833;0.658;0.752;0.58;0.787;1.0;0.883;0.883;0.816;0.886;0.114;0.346;0.473;0.15;0.196;0.467;0.358;0.322;0.339;0.179;0.467;0.248;0.501;0.467;0.464;0.432;0.467;0.254;0.323;0.467;0.427;0.392;0.501;0.067;0.074;0.392;0.253;0.467;0.397;0.397;0.392;0.248;0.501;0.358;0.254;0.253;0.467;0.432;0.254;0.427;0.322;0.213;0.397;0.467;0.322;0.123;0.238;0.518;0.546;0.946;0.366;0.681;0.458;0.702;0.732;0.964;0.644;0.541;0.845;0.611;0.144;0.248;0.517;0.517;0.521
ENSCAFT00020017369_98;0.692;0.956;0.585;0.444;0.585;0.772;0.665;0.83;0.921;0.895;0.782;0.649;0.81;0.583;0.727;0.883;1.0;0.83;0.819;0.892;0.0;0.474;0.487;0.0;0.32;0.285;0.241;0.068;0.068;0.0;0.285;0.0;0.305;0.285;0.26;0.306;0.285;0.31;0.218;0.285;0.24;0.281;0.305;0.081;0.069;0.199;0.068;0.285;0.261;0.286;0.217;0.0;0.305;0.241;0.31;0.068;0.26;0.306;0.31;0.24;0.068;0.22;0.286;0.272;0.068;0.171;0.388;0.519;0.0;0.885;0.45;0.577;0.593;0.639;0.68;0.889;0.587;0.446;0.843;0.622;0.127;0.247;0.526;0.526;0.0
ENSCAFT00020017376_98;0.68;0.927;0.573;0.436;0.574;0.654;0.818;0.919;0.957;0.973;0.772;0.597;0.794;0.536;0.718;0.883;0.83;1.0;0.853;0.926;0.0;0.463;0.477;0.0;0.311;0.225;0.223;0.053;0.053;0.0;0.225;0.0;0.275;0.225;0.279;0.276;0.225;0.28;0.173;0.225;0.222;0.191;0.275;0.09;0.054;0.222;0.053;0.225;0.276;0.225;0.172;0.0;0.275;0.223;0.28;0.053;0.275;0.276;0.28;0.222;0.053;0.174;0.225;0.251;0.053;0.202;0.304;0.516;0.0;0.857;0.44;0.567;0.579;0.616;0.655;0.873;0.575;0.437;0.833;0.611;0.117;0.228;0.523;0.523;0.0
ENSCAFT00020039950_98;0.58;0.772;0.357;0.267;0.387;0.689;0.658;0.774;0.829;0.876;0.831;0.673;0.826;0.438;0.667;0.816;0.819;0.853;1.0;0.686;0.045;0.436;0.31;0.043;0.148;0.292;0.18;0.194;0.295;0.049;0.292;0.105;0.324;0.292;0.292;0.263;0.292;0.265;0.149;0.292;0.241;0.224;0.324;0.074;0.103;0.21;0.133;0.292;0.231;0.231;0.21;0.105;0.324;0.18;0.265;0.133;0.292;0.263;0.265;0.241;0.194;0.259;0.231;0.292;0.194;0.12;0.126;0.365;0.287;0.812;0.205;0.446;0.299;0.496;0.526;0.709;0.365;0.266;0.762;0.606;0.15;0.24;0.376;0.376;0.278
ENSCAFT00020039951_98;0.668;0.834;0.616;0.516;0.592;0.618;0.588;0.784;0.992;0.947;0.921;0.762;0.916;0.524;0.756;0.886;0.892;0.926;0.686;1.0;0.079;0.387;0.51;0.101;0.259;0.37;0.348;0.26;0.223;0.204;0.37;0.219;0.406;0.37;0.37;0.455;0.37;0.296;0.307;0.37;0.312;0.292;0.406;0.082;0.117;0.276;0.291;0.37;0.414;0.414;0.276;0.219;0.406;0.348;0.296;0.291;0.37;0.455;0.296;0.312;0.26;0.111;0.414;0.37;0.26;0.134;0.168;0.294;0.299;0.968;0.504;0.552;0.613;0.647;0.678;0.91;0.633;0.532;0.754;0.6;0.149;0.238;0.3;0.3;0.3
ENST00000216456_98;0.349;0.0;0.103;0.133;0.102;0.0;0.0;0.0;0.081;0.0;0.0;0.0;0.0;0.0;0.0;0.114;0.0;0.0;0.045;0.079;1.0;0.0;0.174;0.598;0.0;0.604;0.804;0.566;0.659;0.891;0.602;0.778;0.578;0.554;0.591;0.629;0.607;0.0;0.562;0.607;0.752;0.714;0.592;0.0;0.0;0.742;0.61;0.598;0.607;0.403;0.757;0.742;0.607;0.804;0.0;0.61;0.588;0.629;0.0;0.77;0.58;0.163;0.591;0.588;0.667;0.0;0.0;0.476;0.413;0.075;0.019;0.15;0.015;0.097;0.092;0.113;0.14;0.178;0.0;0.0;0.0;0.0;0.463;0.476;0.413
ENST00000554636_98;0.028;0.449;0.489;0.346;0.487;0.042;0.041;0.524;0.37;0.464;0.428;0.454;0.465;0.472;0.438;0.346;0.474;0.463;0.436;0.387;0.0;1.0;0.426;0.0;0.491;0.151;0.0;0.175;0.156;0.0;0.151;0.0;0.156;0.173;0.15;0.153;0.151;0.377;0.0;0.151;0.0;0.0;0.154;0.0;0.353;0.0;0.176;0.151;0.151;0.198;0.0;0.0;0.151;0.0;0.377;0.176;0.149;0.153;0.377;0.0;0.173;0.0;0.158;0.149;0.157;0.0;0.459;0.0;0.0;0.382;0.369;0.386;0.515;0.435;0.414;0.327;0.479;0.339;0.545;0.143;0.561;0.242;0.0;0.0;0.0
ENST00000554659_98;0.135;0.483;0.786;0.573;0.783;0.0;0.0;0.415;0.466;0.478;0.526;0.555;0.48;0.576;0.536;0.473;0.487;0.477;0.31;0.51;0.174;0.426;1.0;0.27;0.436;0.482;0.354;0.569;0.49;0.359;0.481;0.353;0.463;0.546;0.48;0.486;0.482;0.115;0.231;0.482;0.342;0.347;0.473;0.0;0.217;0.35;0.584;0.481;0.482;0.336;0.351;0.333;0.482;0.354;0.115;0.584;0.479;0.486;0.115;0.352;0.579;0.09;0.465;0.479;0.491;0.0;0.142;0.442;0.567;0.527;0.446;0.69;0.637;0.609;0.652;0.543;0.808;0.6;0.473;0.0;0.352;0.041;0.473;0.466;0.584
ENST00000555543_98;0.342;0.029;0.169;0.217;0.168;0.0;0.0;0.0;0.12;0.0;0.049;0.051;0.013;0.053;0.05;0.15;0.0;0.0;0.043;0.101;0.598;0.0;0.27;1.0;0.0;0.487;0.633;0.444;0.518;0.676;0.486;0.619;0.462;0.445;0.479;0.502;0.489;0.0;0.412;0.489;0.597;0.582;0.476;0.0;0.0;0.599;0.474;0.484;0.489;0.29;0.607;0.585;0.489;0.633;0.0;0.474;0.477;0.502;0.0;0.615;0.457;0.169;0.47;0.477;0.523;0.0;0.0;0.384;0.519;0.098;0.087;0.191;0.07;0.167;0.159;0.167;0.204;0.261;0.0;0.0;0.0;0.0;0.439;0.431;0.482
ENST00000556461_98;0.0;0.414;0.42;0.24;0.419;0.0;0.0;0.162;0.21;0.312;0.301;0.32;0.327;0.333;0.308;0.196;0.32;0.311;0.148;0.259;0.0;0.491;0.436;0.0;1.0;0.148;0.0;0.254;0.153;0.0;0.147;0.0;0.151;0.237;0.146;0.15;0.148;0.29;0.0;0.148;0.0;0.0;0.149;0.0;0.534;0.0;0.255;0.147;0.148;0.187;0.0;0.0;0.148;0.0;0.29;0.255;0.146;0.15;0.29;0.0;0.25;0.0;0.153;0.146;0.154;0.0;0.355;0.0;0.0;0.268;0.255;0.33;0.443;0.36;0.353;0.262;0.412;0.235;0.271;0.0;0.569;0.0;0.0;0.0;0.029
ENST00000225567_98;0.353;0.225;0.363;0.273;0.415;0.148;0.134;0.308;0.438;0.279;0.403;0.226;0.406;0.183;0.434;0.467;0.285;0.225;0.292;0.37;0.604;0.151;0.482;0.487;0.148;1.0;0.634;0.693;0.67;0.5;0.837;0.538;0.881;0.813;0.887;0.822;0.936;0.28;0.545;0.936;0.701;0.712;0.888;0.062;0.143;0.711;0.631;0.93;0.825;0.717;0.735;0.525;0.895;0.634;0.28;0.631;0.899;0.822;0.28;0.709;0.699;0.224;0.782;0.877;0.722;0.111;0.22;0.4;0.405;0.443;0.054;0.388;0.151;0.379;0.369;0.478;0.483;0.404;0.345;0.167;0.26;0.0;0.386;0.417;0.394
ENST00000393456_98;0.466;0.134;0.241;0.351;0.237;0.219;0.223;0.161;0.388;0.247;0.287;0.0;0.29;0.029;0.309;0.358;0.241;0.223;0.18;0.348;0.804;0.0;0.354;0.633;0.0;0.634;1.0;0.449;0.468;0.659;0.585;0.557;0.71;0.554;0.619;0.785;0.652;0.215;0.73;0.652;0.893;0.681;0.717;0.183;0.0;0.77;0.487;0.648;0.677;0.554;0.801;0.542;0.724;1.0;0.215;0.487;0.627;0.785;0.215;0.903;0.455;0.182;0.637;0.612;0.523;0.151;0.051;0.377;0.383;0.341;0.071;0.261;0.052;0.21;0.205;0.376;0.318;0.466;0.213;0.276;0.0;0.0;0.364;0.396;0.372
ENST00000415811_98;0.214;0.182;0.443;0.251;0.498;0.0;0.0;0.183;0.255;0.067;0.208;0.436;0.21;0.2;0.225;0.322;0.068;0.053;0.194;0.26;0.566;0.175;0.569;0.444;0.254;0.693;0.449;1.0;0.681;0.493;0.641;0.532;0.682;0.855;0.678;0.617;0.711;0.143;0.374;0.711;0.518;0.473;0.689;0.0;0.35;0.517;0.913;0.707;0.619;0.526;0.532;0.529;0.683;0.449;0.143;0.913;0.686;0.617;0.143;0.515;0.992;0.137;0.587;0.67;0.716;0.0;0.192;0.398;0.404;0.321;0.052;0.433;0.217;0.434;0.447;0.34;0.555;0.353;0.281;0.0;0.609;0.0;0.385;0.416;0.394
ENST00000570879_98;0.234;0.118;0.354;0.27;0.49;0.0;0.0;0.182;0.255;0.067;0.208;0.435;0.209;0.199;0.225;0.339;0.068;0.053;0.295;0.223;0.659;0.156;0.49;0.518;0.153;0.67;0.468;0.681;1.0;0.512;0.625;0.507;0.648;0.673;0.655;0.639;0.687;0.144;0.383;0.687;0.488;0.455;0.655;0.0;0.161;0.496;0.667;0.683;0.642;0.535;0.51;0.494;0.661;0.468;0.144;0.667;0.663;0.639;0.144;0.494;0.688;0.106;0.609;0.65;0.742;0.0;0.194;0.485;0.493;0.321;0.051;0.441;0.143;0.452;0.44;0.354;0.488;0.408;0.174;0.0;0.372;0.0;0.47;0.502;0.482
ENST00000571048_98;0.329;0.0;0.276;0.401;0.271;0.0;0.0;0.0;0.16;0.0;0.0;0.0;0.0;0.0;0.0;0.179;0.0;0.0;0.049;0.204;0.891;0.0;0.359;0.676;0.0;0.5;0.659;0.493;0.512;1.0;0.463;0.8;0.479;0.489;0.488;0.53;0.514;0.0;0.545;0.514;0.593;0.537;0.486;0.0;0.0;0.604;0.539;0.511;0.533;0.406;0.628;0.781;0.492;0.659;0.0;0.539;0.494;0.53;0.0;0.601;0.5;0.089;0.5;0.483;0.586;0.0;0.025;0.451;0.46;0.18;0.152;0.308;0.112;0.247;0.241;0.204;0.355;0.519;0.0;0.0;0.0;0.0;0.433;0.467;0.446
ENST00000573224_98;0.353;0.225;0.363;0.273;0.415;0.148;0.134;0.308;0.438;0.279;0.403;0.226;0.406;0.183;0.434;0.467;0.285;0.225;0.292;0.37;0.602;0.151;0.481;0.486;0.147;0.837;0.585;0.641;0.625;0.463;1.0;0.501;0.81;0.748;0.817;0.756;0.856;0.252;0.501;0.856;0.647;0.6;0.817;0.054;0.131;0.655;0.585;0.851;0.758;0.653;0.675;0.488;0.824;0.585;0.252;0.585;0.827;0.756;0.252;0.653;0.647;0.206;0.83;0.811;0.665;0.1;0.202;0.399;0.405;0.443;0.054;0.388;0.152;0.378;0.368;0.478;0.483;0.404;0.344;0.167;0.258;0.0;0.385;0.416;0.393
ENST00000575949_98;0.347;0.0;0.299;0.424;0.349;0.0;0.0;0.0;0.16;0.0;0.0;0.0;0.0;0.0;0.0;0.248;0.0;0.0;0.105;0.219;0.778;0.0;0.353;0.619;0.0;0.538;0.557;0.532;0.507;0.8;0.501;1.0;0.518;0.528;0.526;0.464;0.552;0.0;0.459;0.552;0.632;0.576;0.525;0.0;0.0;0.642;0.469;0.549;0.465;0.352;0.666;0.981;0.531;0.557;0.0;0.469;0.533;0.464;0.0;0.639;0.538;0.168;0.439;0.521;0.571;0.0;0.021;0.541;0.552;0.217;0.211;0.398;0.161;0.339;0.331;0.304;0.415;0.609;0.0;0.0;0.0;0.0;0.519;0.551;0.534
ENST00000576910_98;0.381;0.252;0.363;0.273;0.414;0.166;0.172;0.321;0.483;0.312;0.479;0.196;0.483;0.168;0.517;0.501;0.305;0.275;0.324;0.406;0.578;0.156;0.463;0.462;0.151;0.881;0.71;0.682;0.648;0.479;0.81;0.518;1.0;0.79;0.861;0.907;0.909;0.362;0.545;0.909;0.793;0.621;0.992;0.131;0.144;0.686;0.611;0.903;0.799;0.718;0.71;0.525;0.986;0.71;0.362;0.611;0.873;0.907;0.362;0.788;0.677;0.224;0.756;0.85;0.698;0.112;0.221;0.384;0.39;0.483;0.056;0.372;0.156;0.378;0.368;0.512;0.458;0.374;0.389;0.208;0.24;0.0;0.372;0.402;0.38
ENST00000623037_98;0.322;0.29;0.435;0.245;0.49;0.144;0.131;0.327;0.438;0.279;0.403;0.226;0.406;0.183;0.434;0.467;0.285;0.225;0.292;0.37;0.554;0.173;0.546;0.445;0.237;0.813;0.554;0.855;0.673;0.489;0.748;0.528;0.79;1.0;0.796;0.733;0.838;0.226;0.47;0.838;0.619;0.57;0.796;0.021;0.26;0.627;0.787;0.833;0.736;0.633;0.647;0.515;0.803;0.554;0.226;0.787;0.807;0.733;0.226;0.625;0.862;0.222;0.696;0.785;0.709;0.066;0.22;0.4;0.406;0.443;0.05;0.436;0.212;0.428;0.441;0.478;0.56;0.36;0.451;0.147;0.412;0.0;0.386;0.417;0.393
ENST00000638189_98;0.351;0.224;0.361;0.271;0.412;0.136;0.194;0.372;0.438;0.316;0.401;0.225;0.405;0.182;0.432;0.464;0.26;0.279;0.292;0.37;0.591;0.15;0.48;0.479;0.146;0.887;0.619;0.678;0.655;0.488;0.817;0.526;0.861;0.796;1.0;0.803;0.914;0.274;0.532;0.914;0.685;0.629;0.869;0.062;0.141;0.695;0.618;0.908;0.806;0.701;0.718;0.514;0.876;0.619;0.274;0.618;0.879;0.803;0.274;0.692;0.684;0.219;0.764;0.857;0.706;0.19;0.216;0.397;0.402;0.441;0.054;0.386;0.151;0.377;0.367;0.476;0.48;0.401;0.343;0.166;0.256;0.0;0.383;0.414;0.391
ENST00000638216_98;0.382;0.252;0.371;0.277;0.365;0.167;0.172;0.322;0.483;0.314;0.481;0.196;0.485;0.169;0.519;0.432;0.306;0.276;0.263;0.455;0.629;0.153;0.486;0.502;0.15;0.822;0.785;0.617;0.639;0.53;0.756;0.464;0.907;0.733;0.803;1.0;0.847;0.388;0.581;0.847;0.717;0.568;0.914;0.141;0.152;0.627;0.667;0.841;0.879;0.767;0.648;0.451;0.922;0.785;0.388;0.667;0.814;1.0;0.388;0.724;0.623;0.149;0.83;0.792;0.691;0.119;0.234;0.371;0.376;0.447;0.059;0.343;0.163;0.319;0.311;0.446;0.451;0.366;0.389;0.209;0.242;0.0;0.359;0.39;0.367
ENST00000638219_98;0.353;0.225;0.363;0.272;0.414;0.148;0.134;0.308;0.438;0.279;0.403;0.226;0.406;0.183;0.434;0.467;0.285;0.225;0.292;0.37;0.607;0.151;0.482;0.489;0.148;0.936;0.652;0.711;0.687;0.514;0.856;0.552;0.909;0.838;0.914;0.847;1.0;0.29;0.561;1.0;0.722;0.659;0.915;0.066;0.148;0.732;0.648;0.96;0.85;0.742;0.758;0.539;0.923;0.652;0.29;0.648;0.927;0.847;0.29;0.729;0.718;0.231;0.802;0.9;0.743;0.116;0.227;0.4;0.405;0.443;0.054;0.388;0.151;0.379;0.369;0.478;0.483;0.404;0.345;0.167;0.259;0.0;0.386;0.418;0.394
ENST00000638374_98;0.148;0.357;0.118;0.0;0.116;0.17;0.175;0.326;0.323;0.317;0.485;0.198;0.49;0.172;0.524;0.254;0.31;0.28;0.265;0.296;0.0;0.377;0.115;0.0;0.29;0.28;0.215;0.143;0.144;0.0;0.252;0.0;0.362;0.226;0.274;0.388;0.29;1.0;0.156;0.29;0.199;0.112;0.36;0.337;0.314;0.126;0.152;0.288;0.3;0.374;0.13;0.0;0.358;0.215;1.0;0.152;0.278;0.388;1.0;0.198;0.142;0.142;0.289;0.269;0.145;0.273;0.35;0.0;0.0;0.267;0.0;0.075;0.174;0.109;0.106;0.242;0.12;0.0;0.393;0.212;0.254;0.0;0.0;0.0;0.0
ENST00000638468_98;0.431;0.107;0.241;0.351;0.237;0.198;0.172;0.143;0.342;0.213;0.21;0.0;0.213;0.032;0.227;0.323;0.218;0.173;0.149;0.307;0.562;0.0;0.231;0.412;0.0;0.545;0.73;0.374;0.383;0.545;0.501;0.459;0.545;0.47;0.532;0.581;0.561;0.156;1.0;0.561;0.669;0.587;0.541;0.102;0.0;0.666;0.399;0.558;0.584;0.649;0.695;0.467;0.537;0.73;0.156;0.399;0.539;0.581;0.156;0.662;0.372;0.101;0.572;0.525;0.429;0.179;0.058;0.284;0.288;0.301;0.087;0.193;0.06;0.211;0.206;0.342;0.245;0.36;0.171;0.22;0.0;0.0;0.272;0.304;0.279
ENST00000638579_98;0.353;0.225;0.363;0.272;0.414;0.148;0.134;0.308;0.438;0.279;0.403;0.226;0.406;0.183;0.434;0.467;0.285;0.225;0.292;0.37;0.607;0.151;0.482;0.489;0.148;0.936;0.652;0.711;0.687;0.514;0.856;0.552;0.909;0.838;0.914;0.847;1.0;0.29;0.561;1.0;0.722;0.659;0.915;0.066;0.148;0.732;0.648;0.96;0.85;0.742;0.758;0.539;0.923;0.652;0.29;0.648;0.927;0.847;0.29;0.729;0.718;0.231;0.802;0.9;0.743;0.116;0.227;0.4;0.405;0.443;0.054;0.388;0.151;0.379;0.369;0.478;0.483;0.404;0.345;0.167;0.259;0.0;0.386;0.418;0.394
ENST00000638634_98;0.465;0.133;0.239;0.339;0.286;0.218;0.222;0.16;0.388;0.246;0.285;0.0;0.288;0.029;0.307;0.427;0.24;0.222;0.241;0.312;0.752;0.0;0.342;0.597;0.0;0.701;0.893;0.518;0.488;0.593;0.647;0.632;0.793;0.619;0.685;0.717;0.722;0.199;0.669;0.722;1.0;0.754;0.801;0.166;0.0;0.852;0.449;0.717;0.62;0.516;0.887;0.629;0.795;0.893;0.199;0.449;0.694;0.717;0.199;0.991;0.515;0.273;0.586;0.676;0.543;0.138;0.048;0.399;0.405;0.378;0.066;0.298;0.05;0.269;0.262;0.441;0.338;0.495;0.213;0.275;0.0;0.0;0.384;0.415;0.393
ENST00000638697_98;0.43;0.107;0.237;0.335;0.282;0.309;0.178;0.152;0.342;0.245;0.246;0.043;0.248;0.03;0.211;0.392;0.281;0.191;0.224;0.292;0.714;0.0;0.347;0.582;0.0;0.712;0.681;0.473;0.455;0.537;0.6;0.576;0.621;0.57;0.629;0.568;0.659;0.112;0.587;0.659;0.754;1.0;0.628;0.068;0.0;0.765;0.418;0.655;0.57;0.463;0.792;0.561;0.634;0.681;0.112;0.418;0.636;0.568;0.112;0.762;0.479;0.24;0.542;0.623;0.501;0.12;0.043;0.398;0.403;0.436;0.064;0.303;0.049;0.268;0.262;0.407;0.346;0.508;0.14;0.416;0.0;0.0;0.383;0.414;0.39
ENST00000638838_98;0.381;0.252;0.363;0.273;0.414;0.166;0.172;0.321;0.483;0.312;0.479;0.196;0.483;0.168;0.517;0.501;0.305;0.275;0.324;0.406;0.592;0.154;0.473;0.476;0.149;0.888;0.717;0.689;0.655;0.486;0.817;0.525;0.992;0.796;0.869;0.914;0.915;0.36;0.541;0.915;0.801;0.628;1.0;0.131;0.143;0.694;0.617;0.909;0.806;0.713;0.717;0.522;0.992;0.717;0.36;0.617;0.881;0.914;0.36;0.795;0.683;0.222;0.764;0.857;0.705;0.111;0.219;0.392;0.398;0.483;0.055;0.38;0.154;0.378;0.368;0.512;0.47;0.389;0.389;0.208;0.24;0.0;0.379;0.41;0.387
ENST00000638892_98;0.065;0.071;0.0;0.0;0.0;0.074;0.089;0.056;0.083;0.08;0.139;0.0;0.141;0.0;0.15;0.067;0.081;0.09;0.074;0.082;0.0;0.0;0.0;0.0;0.0;0.062;0.183;0.0;0.0;0.0;0.054;0.0;0.131;0.021;0.062;0.141;0.066;0.337;0.102;0.066;0.166;0.068;0.131;1.0;0.0;0.08;0.0;0.066;0.069;0.085;0.082;0.0;0.13;0.183;0.337;0.0;0.064;0.141;0.337;0.165;0.0;0.049;0.064;0.06;0.0;0.231;0.0;0.0;0.0;0.074;0.0;0.0;0.0;0.0;0.0;0.064;0.0;0.0;0.079;0.101;0.0;0.0;0.0;0.0;0.0
ENST00000639031_98;0.0;0.26;0.197;0.0;0.194;0.0;0.0;0.185;0.095;0.068;0.21;0.439;0.211;0.204;0.227;0.074;0.069;0.054;0.103;0.117;0.0;0.353;0.217;0.0;0.534;0.143;0.0;0.35;0.161;0.0;0.131;0.0;0.144;0.26;0.141;0.152;0.148;0.314;0.0;0.148;0.0;0.0;0.143;0.0;1.0;0.0;0.378;0.147;0.152;0.185;0.0;0.0;0.142;0.0;0.314;0.378;0.143;0.152;0.314;0.0;0.347;0.0;0.148;0.138;0.149;0.0;0.282;0.0;0.0;0.105;0.0;0.123;0.291;0.167;0.18;0.071;0.201;0.0;0.284;0.0;0.645;0.0;0.0;0.0;0.0
ENST00000639199_98;0.429;0.107;0.238;0.338;0.285;0.189;0.198;0.164;0.342;0.212;0.209;0.0;0.211;0.032;0.226;0.392;0.199;0.222;0.21;0.276;0.742;0.0;0.35;0.599;0.0;0.711;0.77;0.517;0.496;0.604;0.655;0.642;0.686;0.627;0.695;0.627;0.732;0.126;0.666;0.732;0.852;0.765;0.694;0.08;0.0;1.0;0.456;0.728;0.722;0.514;0.901;0.627;0.701;0.77;0.126;0.456;0.801;0.627;0.126;0.861;0.523;0.272;0.595;0.686;0.552;0.138;0.048;0.403;0.409;0.337;0.065;0.305;0.049;0.269;0.263;0.407;0.348;0.512;0.17;0.218;0.0;0.0;0.388;0.419;0.396
ENST00000639287_98;0.214;0.182;0.455;0.253;0.447;0.0;0.0;0.184;0.255;0.067;0.209;0.437;0.21;0.201;0.226;0.253;0.068;0.053;0.133;0.291;0.61;0.176;0.584;0.474;0.255;0.631;0.487;0.913;0.667;0.539;0.585;0.469;0.611;0.787;0.618;0.667;0.648;0.152;0.399;0.648;0.449;0.418;0.617;0.0;0.378;0.456;1.0;0.644;0.67;0.561;0.47;0.456;0.623;0.487;0.152;1.0;0.625;0.667;0.152;0.455;0.919;0.067;0.633;0.611;0.704;0.0;0.205;0.376;0.382;0.285;0.055;0.396;0.231;0.376;0.389;0.275;0.537;0.335;0.282;0.0;0.615;0.0;0.365;0.397;0.373
ENST00000639365_98;0.353;0.225;0.362;0.272;0.413;0.148;0.134;0.308;0.438;0.279;0.403;0.226;0.406;0.183;0.434;0.467;0.285;0.225;0.292;0.37;0.598;0.151;0.481;0.484;0.147;0.93;0.648;0.707;0.683;0.511;0.851;0.549;0.903;0.833;0.908;0.841;0.96;0.288;0.558;0.96;0.717;0.655;0.909;0.066;0.147;0.728;0.644;1.0;0.845;0.736;0.794;0.536;0.917;0.648;0.288;0.644;0.921;0.841;0.288;0.725;0.714;0.229;0.798;0.895;0.738;0.115;0.225;0.398;0.404;0.443;0.054;0.387;0.151;0.379;0.369;0.478;0.482;0.403;0.345;0.167;0.26;0.0;0.385;0.416;0.393
ENST00000639388_98;0.353;0.226;0.37;0.276;0.363;0.144;0.154;0.331;0.438;0.28;0.404;0.227;0.408;0.184;0.435;0.397;0.261;0.276;0.231;0.414;0.607;0.151;0.482;0.489;0.148;0.825;0.677;0.619;0.642;0.533;0.758;0.465;0.799;0.736;0.806;0.879;0.85;0.3;0.584;0.85;0.62;0.57;0.806;0.069;0.152;0.722;0.67;0.845;1.0;0.771;0.65;0.452;0.814;0.677;0.3;0.67;0.921;0.879;0.3;0.627;0.625;0.15;0.833;0.795;0.693;0.12;0.235;0.367;0.372;0.406;0.059;0.342;0.163;0.32;0.311;0.412;0.449;0.364;0.345;0.168;0.261;0.0;0.356;0.386;0.363
ENST00000639713_98;0.341;0.23;0.349;0.251;0.343;0.148;0.134;0.309;0.438;0.28;0.404;0.227;0.408;0.184;0.436;0.397;0.286;0.225;0.231;0.414;0.403;0.198;0.336;0.29;0.187;0.717;0.554;0.526;0.535;0.406;0.653;0.352;0.718;0.633;0.701;0.767;0.742;0.374;0.649;0.742;0.516;0.463;0.713;0.085;0.185;0.514;0.561;0.736;0.771;1.0;0.532;0.357;0.708;0.554;0.374;0.561;0.711;0.767;0.374;0.512;0.522;0.087;0.749;0.69;0.579;0.149;0.286;0.258;0.262;0.407;0.071;0.261;0.193;0.32;0.311;0.413;0.355;0.256;0.346;0.168;0.262;0.0;0.248;0.279;0.254
ENST00000639985_98;0.43;0.107;0.238;0.338;0.285;0.197;0.172;0.142;0.342;0.212;0.209;0.0;0.211;0.032;0.226;0.392;0.217;0.172;0.21;0.276;0.757;0.0;0.351;0.607;0.0;0.735;0.801;0.532;0.51;0.628;0.675;0.666;0.71;0.647;0.718;0.648;0.758;0.13;0.695;0.758;0.887;0.792;0.717;0.082;0.0;0.901;0.47;0.794;0.65;0.532;1.0;0.65;0.725;0.801;0.13;0.47;0.728;0.648;0.13;0.896;0.539;0.283;0.613;0.709;0.571;0.144;0.049;0.405;0.411;0.337;0.065;0.305;0.049;0.27;0.263;0.408;0.349;0.513;0.17;0.219;0.0;0.0;0.389;0.421;0.398
ENST00000640007_98;0.347;0.0;0.299;0.424;0.349;0.0;0.0;0.0;0.16;0.0;0.0;0.0;0.0;0.0;0.0;0.248;0.0;0.0;0.105;0.219;0.742;0.0;0.333;0.585;0.0;0.525;0.542;0.529;0.494;0.781;0.488;0.981;0.525;0.515;0.514;0.451;0.539;0.0;0.467;0.539;0.629;0.561;0.522;0.0;0.0;0.627;0.456;0.536;0.452;0.357;0.65;1.0;0.518;0.542;0.0;0.456;0.52;0.451;0.0;0.625;0.525;0.17;0.426;0.508;0.556;0.0;0.022;0.524;0.535;0.217;0.218;0.382;0.165;0.339;0.331;0.304;0.389;0.57;0.0;0.0;0.0;0.0;0.502;0.535;0.517
ENST00000640051_98;0.381;0.252;0.363;0.273;0.414;0.166;0.172;0.321;0.483;0.312;0.479;0.196;0.483;0.168;0.517;0.501;0.305;0.275;0.324;0.406;0.607;0.151;0.482;0.489;0.148;0.895;0.724;0.683;0.661;0.492;0.824;0.531;0.986;0.803;0.876;0.922;0.923;0.358;0.537;0.923;0.795;0.634;0.992;0.13;0.142;0.701;0.623;0.917;0.814;0.708;0.725;0.518;1.0;0.724;0.358;0.623;0.888;0.922;0.358;0.802;0.69;0.221;0.77;0.865;0.712;0.111;0.217;0.4;0.406;0.483;0.054;0.388;0.151;0.378;0.368;0.512;0.483;0.404;0.389;0.208;0.24;0.0;0.387;0.418;0.395
ENST00000640068_98;0.466;0.134;0.241;0.351;0.237;0.219;0.223;0.161;0.388;0.247;0.287;0.0;0.29;0.029;0.309;0.358;0.241;0.223;0.18;0.348;0.804;0.0;0.354;0.633;0.0;0.634;1.0;0.449;0.468;0.659;0.585;0.557;0.71;0.554;0.619;0.785;0.652;0.215;0.73;0.652;0.893;0.681;0.717;0.183;0.0;0.77;0.487;0.648;0.677;0.554;0.801;0.542;0.724;1.0;0.215;0.487;0.627;0.785;0.215;0.903;0.455;0.182;0.637;0.612;0.523;0.151;0.051;0.377;0.383;0.341;0.071;0.261;0.052;0.21;0.205;0.376;0.318;0.466;0.213;0.276;0.0;0.0;0.364;0.396;0.372
ENST00000640138_98;0.148;0.357;0.118;0.0;0.116;0.17;0.175;0.326;0.323;0.317;0.485;0.198;0.49;0.172;0.524;0.254;0.31;0.28;0.265;0.296;0.0;0.377;0.115;0.0;0.29;0.28;0.215;0.143;0.144;0.0;0.252;0.0;0.362;0.226;0.274;0.388;0.29;1.0;0.156;0.29;0.199;0.112;0.36;0.337;0.314;0.126;0.152;0.288;0.3;0.374;0.13;0.0;0.358;0.215;1.0;0.152;0.278;0.388;1.0;0.198;0.142;0.142;0.289;0.269;0.145;0.273;0.35;0.0;0.0;0.267;0.0;0.075;0.174;0.109;0.106;0.242;0.12;0.0;0.393;0.212;0.254;0.0;0.0;0.0;0.0
ENST00000640269_98;0.214;0.182;0.455;0.253;0.447;0.0;0.0;0.184;0.255;0.067;0.209;0.437;0.21;0.201;0.226;0.253;0.068;0.053;0.133;0.291;0.61;0.176;0.584;0.474;0.255;0.631;0.487;0.913;0.667;0.539;0.585;0.469;0.611;0.787;0.618;0.667;0.648;0.152;0.399;0.648;0.449;0.418;0.617;0.0;0.378;0.456;1.0;0.644;0.67;0.561;0.47;0.456;0.623;0.487;0.152;1.0;0.625;0.667;0.152;0.455;0.919;0.067;0.633;0.611;0.704;0.0;0.205;0.376;0.382;0.285;0.055;0.396;0.231;0.376;0.389;0.275;0.537;0.335;0.282;0.0;0.615;0.0;0.365;0.397;0.373
ENST00000640358_98;0.352;0.225;0.361;0.271;0.413;0.143;0.153;0.33;0.438;0.279;0.402;0.226;0.406;0.183;0.433;0.467;0.26;0.275;0.292;0.37;0.588;0.149;0.479;0.477;0.146;0.899;0.627;0.686;0.663;0.494;0.827;0.533;0.873;0.807;0.879;0.814;0.927;0.278;0.539;0.927;0.694;0.636;0.881;0.064;0.143;0.801;0.625;0.921;0.921;0.711;0.728;0.52;0.888;0.627;0.278;0.625;1.0;0.814;0.278;0.701;0.693;0.222;0.773;0.868;0.715;0.111;0.218;0.397;0.402;0.442;0.054;0.387;0.151;0.378;0.368;0.477;0.481;0.402;0.344;0.167;0.258;0.0;0.383;0.414;0.391
ENST00000640443_98;0.382;0.252;0.371;0.277;0.365;0.167;0.172;0.322;0.483;0.314;0.481;0.196;0.485;0.169;0.519;0.432;0.306;0.276;0.263;0.455;0.629;0.153;0.486;0.502;0.15;0.822;0.785;0.617;0.639;0.53;0.756;0.464;0.907;0.733;0.803;1.0;0.847;0.388;0.581;0.847;0.717;0.568;0.914;0.141;0.152;0.627;0.667;0.841;0.879;0.767;0.648;0.451;0.922;0.785;0.388;0.667;0.814;1.0;0.388;0.724;0.623;0.149;0.83;0.792;0.691;0.119;0.234;0.371;0.376;0.447;0.059;0.343;0.163;0.319;0.311;0.446;0.451;0.366;0.389;0.209;0.242;0.0;0.359;0.39;0.367
ENST00000640495_98;0.148;0.357;0.118;0.0;0.116;0.17;0.175;0.326;0.323;0.317;0.485;0.198;0.49;0.172;0.524;0.254;0.31;0.28;0.265;0.296;0.0;0.377;0.115;0.0;0.29;0.28;0.215;0.143;0.144;0.0;0.252;0.0;0.362;0.226;0.274;0.388;0.29;1.0;0.156;0.29;0.199;0.112;0.36;0.337;0.314;0.126;0.152;0.288;0.3;0.374;0.13;0.0;0.358;0.215;1.0;0.152;0.278;0.388;1.0;0.198;0.142;0.142;0.289;0.269;0.145;0.273;0.35;0.0;0.0;0.267;0.0;0.075;0.174;0.109;0.106;0.242;0.12;0.0;0.393;0.212;0.254;0.0;0.0;0.0;0.0
ENST00000640608_98;0.465;0.133;0.239;0.339;0.286;0.218;0.222;0.16;0.388;0.246;0.285;0.0;0.288;0.029;0.307;0.427;0.24;0.222;0.241;0.312;0.77;0.0;0.352;0.615;0.0;0.709;0.903;0.515;0.494;0.601;0.653;0.639;0.788;0.625;0.692;0.724;0.729;0.198;0.662;0.729;0.991;0.762;0.795;0.165;0.0;0.861;0.455;0.725;0.627;0.512;0.896;0.625;0.802;0.903;0.198;0.455;0.701;0.724;0.198;1.0;0.521;0.271;0.593;0.683;0.55;0.137;0.048;0.407;0.413;0.378;0.065;0.306;0.049;0.269;0.262;0.441;0.35;0.514;0.213;0.275;0.0;0.0;0.391;0.423;0.4
ENST00000640621_98;0.214;0.182;0.443;0.251;0.498;0.0;0.0;0.183;0.255;0.067;0.208;0.436;0.21;0.2;0.225;0.322;0.068;0.053;0.194;0.26;0.58;0.173;0.579;0.457;0.25;0.699;0.455;0.992;0.688;0.5;0.647;0.538;0.677;0.862;0.684;0.623;0.718;0.142;0.372;0.718;0.515;0.479;0.683;0.0;0.347;0.523;0.919;0.714;0.625;0.522;0.539;0.525;0.69;0.455;0.142;0.919;0.693;0.623;0.142;0.521;1.0;0.135;0.594;0.676;0.724;0.0;0.191;0.406;0.412;0.321;0.051;0.442;0.215;0.434;0.447;0.34;0.569;0.366;0.281;0.0;0.609;0.0;0.392;0.424;0.401
ENST00000640711_98;0.139;0.155;0.091;0.131;0.044;0.227;0.197;0.141;0.183;0.214;0.21;0.0;0.213;0.033;0.228;0.213;0.22;0.174;0.259;0.111;0.163;0.0;0.09;0.169;0.0;0.224;0.182;0.137;0.106;0.089;0.206;0.168;0.224;0.222;0.219;0.149;0.231;0.142;0.101;0.231;0.273;0.24;0.222;0.049;0.0;0.272;0.067;0.229;0.15;0.087;0.283;0.17;0.221;0.182;0.142;0.067;0.222;0.149;0.142;0.271;0.135;1.0;0.13;0.215;0.119;0.169;0.044;0.155;0.158;0.157;0.0;0.129;0.0;0.1;0.098;0.203;0.067;0.098;0.171;0.221;0.0;0.0;0.157;0.151;0.16
ENST00000640723_98;0.354;0.226;0.371;0.276;0.364;0.148;0.134;0.309;0.438;0.28;0.404;0.227;0.408;0.184;0.436;0.397;0.286;0.225;0.231;0.414;0.591;0.158;0.465;0.47;0.153;0.782;0.637;0.587;0.609;0.5;0.83;0.439;0.756;0.696;0.764;0.83;0.802;0.289;0.572;0.802;0.586;0.542;0.764;0.064;0.148;0.595;0.633;0.798;0.833;0.749;0.613;0.426;0.77;0.637;0.289;0.633;0.773;0.83;0.289;0.593;0.594;0.13;1.0;0.757;0.653;0.115;0.228;0.353;0.358;0.407;0.06;0.334;0.166;0.32;0.311;0.413;0.45;0.365;0.345;0.168;0.261;0.0;0.342;0.372;0.349
ENST00000640792_98;0.351;0.224;0.361;0.271;0.413;0.143;0.153;0.33;0.438;0.279;0.402;0.225;0.405;0.182;0.433;0.467;0.272;0.251;0.292;0.37;0.588;0.149;0.479;0.477;0.146;0.877;0.612;0.67;0.65;0.483;0.811;0.521;0.85;0.785;0.857;0.792;0.9;0.269;0.525;0.9;0.676;0.623;0.857;0.06;0.138;0.686;0.611;0.895;0.795;0.69;0.709;0.508;0.865;0.612;0.269;0.611;0.868;0.792;0.269;0.683;0.676;0.215;0.757;1.0;0.697;0.107;0.213;0.396;0.402;0.441;0.054;0.386;0.15;0.377;0.367;0.476;0.481;0.402;0.343;0.166;0.256;0.0;0.383;0.414;0.39
ENST00000640806_98;0.235;0.119;0.368;0.277;0.421;0.02;0.018;0.161;0.255;0.067;0.208;0.435;0.209;0.2;0.225;0.322;0.068;0.053;0.194;0.26;0.667;0.157;0.491;0.523;0.154;0.722;0.523;0.716;0.742;0.586;0.665;0.571;0.698;0.709;0.706;0.691;0.743;0.145;0.429;0.743;0.543;0.501;0.705;0.0;0.149;0.552;0.704;0.738;0.693;0.579;0.571;0.556;0.712;0.523;0.145;0.704;0.715;0.691;0.145;0.55;0.724;0.119;0.653;0.697;1.0;0.0;0.201;0.462;0.471;0.321;0.053;0.407;0.151;0.383;0.373;0.34;0.489;0.41;0.175;0.0;0.381;0.0;0.447;0.48;0.459
ENST00000640866_98;0.121;0.134;0.0;0.0;0.0;0.15;0.227;0.19;0.158;0.218;0.226;0.0;0.229;0.0;0.245;0.123;0.171;0.202;0.12;0.134;0.0;0.0;0.0;0.0;0.0;0.111;0.151;0.0;0.0;0.0;0.1;0.0;0.112;0.066;0.19;0.119;0.116;0.273;0.179;0.116;0.138;0.12;0.111;0.231;0.0;0.138;0.0;0.115;0.12;0.149;0.144;0.0;0.111;0.151;0.273;0.0;0.111;0.119;0.273;0.137;0.0;0.169;0.115;0.107;0.0;1.0;0.037;0.0;0.0;0.12;0.0;0.0;0.0;0.0;0.0;0.119;0.0;0.0;0.149;0.192;0.0;0.0;0.0;0.0;0.0
ENST00000640871_98;0.147;0.348;0.143;0.015;0.141;0.215;0.193;0.374;0.302;0.379;0.161;0.175;0.163;0.549;0.169;0.238;0.388;0.304;0.126;0.168;0.0;0.459;0.142;0.0;0.355;0.22;0.051;0.192;0.194;0.025;0.202;0.021;0.221;0.22;0.216;0.234;0.227;0.35;0.058;0.227;0.048;0.043;0.219;0.0;0.282;0.048;0.205;0.225;0.235;0.286;0.049;0.022;0.217;0.051;0.35;0.205;0.218;0.234;0.35;0.048;0.191;0.044;0.228;0.213;0.201;0.037;1.0;0.008;0.008;0.151;0.024;0.09;0.211;0.123;0.12;0.208;0.146;0.015;0.351;0.173;0.272;0.0;0.008;0.008;0.008
ENST00000393077_98;0.569;0.038;0.478;0.504;0.48;0.558;0.553;0.149;0.412;0.517;0.408;0.417;0.141;0.423;0.412;0.518;0.519;0.516;0.365;0.294;0.476;0.0;0.442;0.384;0.0;0.4;0.377;0.398;0.485;0.451;0.399;0.541;0.384;0.4;0.397;0.371;0.4;0.0;0.284;0.4;0.399;0.398;0.392;0.0;0.0;0.403;0.376;0.398;0.367;0.258;0.405;0.524;0.4;0.377;0.0;0.376;0.397;0.371;0.0;0.407;0.406;0.155;0.353;0.396;0.462;0.0;0.008;1.0;0.833;0.446;0.273;0.66;0.258;0.546;0.543;0.493;0.522;0.544;0.0;0.0;0.0;0.0;0.851;0.863;0.866
ENST00000432306_98;0.491;0.059;0.581;0.618;0.584;0.406;0.403;0.0;0.473;0.0;0.436;0.444;0.037;0.448;0.439;0.546;0.0;0.0;0.287;0.299;0.413;0.0;0.567;0.519;0.0;0.405;0.383;0.404;0.493;0.46;0.405;0.552;0.39;0.406;0.402;0.376;0.405;0.0;0.288;0.405;0.405;0.403;0.398;0.0;0.0;0.409;0.382;0.404;0.372;0.262;0.411;0.535;0.406;0.383;0.0;0.382;0.402;0.376;0.0;0.413;0.412;0.158;0.358;0.402;0.471;0.0;0.008;0.833;1.0;0.464;0.353;0.739;0.331;0.578;0.575;0.538;0.634;0.663;0.0;0.0;0.0;0.0;0.887;0.899;0.978
ENST00000571841_98;0.649;0.857;0.643;0.534;0.649;0.656;0.569;0.73;0.997;0.907;0.951;0.787;0.928;0.545;0.782;0.946;0.885;0.857;0.812;0.968;0.075;0.382;0.527;0.098;0.268;0.443;0.341;0.321;0.321;0.18;0.443;0.217;0.483;0.443;0.441;0.447;0.443;0.267;0.301;0.443;0.378;0.436;0.483;0.074;0.105;0.337;0.285;0.443;0.406;0.407;0.337;0.217;0.483;0.341;0.267;0.285;0.442;0.447;0.267;0.378;0.321;0.157;0.407;0.441;0.321;0.12;0.151;0.446;0.464;1.0;0.466;0.642;0.577;0.702;0.737;0.922;0.653;0.544;0.707;0.631;0.134;0.215;0.438;0.438;0.449
ENSGALT00000040859_98;0.188;0.426;0.669;0.839;0.663;0.05;0.049;0.364;0.457;0.442;0.485;0.512;0.452;0.532;0.495;0.366;0.45;0.44;0.205;0.504;0.019;0.369;0.446;0.087;0.255;0.054;0.071;0.052;0.051;0.152;0.054;0.211;0.056;0.05;0.054;0.059;0.054;0.0;0.087;0.054;0.066;0.064;0.055;0.0;0.0;0.065;0.055;0.054;0.059;0.071;0.065;0.218;0.054;0.071;0.0;0.055;0.054;0.059;0.0;0.065;0.051;0.0;0.06;0.054;0.053;0.0;0.024;0.273;0.353;0.466;1.0;0.531;0.792;0.574;0.56;0.457;0.668;0.837;0.412;0.265;0.254;0.381;0.274;0.282;0.35
ENSGALT00000094742_98;0.229;0.505;0.902;0.721;0.911;0.245;0.241;0.397;0.647;0.57;0.621;0.644;0.515;0.659;0.63;0.681;0.577;0.567;0.446;0.552;0.15;0.386;0.69;0.191;0.33;0.388;0.261;0.433;0.441;0.308;0.388;0.398;0.372;0.436;0.386;0.343;0.388;0.075;0.193;0.388;0.298;0.303;0.38;0.0;0.123;0.305;0.396;0.387;0.342;0.261;0.305;0.382;0.388;0.261;0.075;0.396;0.387;0.343;0.075;0.306;0.442;0.129;0.334;0.386;0.407;0.0;0.09;0.66;0.739;0.642;0.531;1.0;0.671;0.767;0.811;0.662;0.867;0.694;0.621;0.177;0.443;0.246;0.665;0.673;0.744
ENSGALT00000096065_98;0.159;0.579;0.871;0.669;0.863;0.04;0.038;0.57;0.57;0.581;0.605;0.642;0.58;0.668;0.619;0.458;0.593;0.579;0.299;0.613;0.015;0.515;0.637;0.07;0.443;0.151;0.052;0.217;0.143;0.112;0.152;0.161;0.156;0.212;0.151;0.163;0.151;0.174;0.06;0.151;0.05;0.049;0.154;0.0;0.291;0.049;0.231;0.151;0.163;0.193;0.049;0.165;0.151;0.052;0.174;0.231;0.151;0.163;0.174;0.049;0.215;0.0;0.166;0.15;0.151;0.0;0.211;0.258;0.331;0.577;0.792;0.671;1.0;0.663;0.708;0.549;0.87;0.668;0.642;0.183;0.496;0.265;0.258;0.266;0.329
ENSGALT00000053125_98;0.422;0.608;0.76;0.676;0.778;0.319;0.312;0.595;0.702;0.618;0.664;0.708;0.617;0.754;0.69;0.702;0.639;0.616;0.496;0.647;0.097;0.435;0.609;0.167;0.36;0.379;0.21;0.434;0.452;0.247;0.378;0.339;0.378;0.428;0.377;0.319;0.379;0.109;0.211;0.379;0.269;0.268;0.378;0.0;0.167;0.269;0.376;0.379;0.32;0.32;0.27;0.339;0.378;0.21;0.109;0.376;0.378;0.319;0.109;0.269;0.434;0.1;0.32;0.377;0.383;0.0;0.123;0.546;0.578;0.702;0.574;0.767;0.663;1.0;0.962;0.722;0.777;0.691;0.617;0.334;0.319;0.442;0.605;0.605;0.534
ENSGALT00000088195_98;0.409;0.636;0.805;0.66;0.824;0.303;0.297;0.633;0.736;0.657;0.703;0.748;0.655;0.797;0.729;0.732;0.68;0.655;0.526;0.678;0.092;0.414;0.652;0.159;0.353;0.369;0.205;0.447;0.44;0.241;0.368;0.331;0.368;0.441;0.367;0.311;0.369;0.106;0.206;0.369;0.262;0.262;0.368;0.0;0.18;0.263;0.389;0.369;0.311;0.311;0.263;0.331;0.368;0.205;0.106;0.389;0.368;0.311;0.106;0.262;0.447;0.098;0.311;0.367;0.373;0.0;0.12;0.543;0.575;0.737;0.56;0.811;0.708;0.962;1.0;0.755;0.825;0.672;0.66;0.316;0.326;0.417;0.601;0.601;0.531
