;ENSCAFT00000002677_90_90;ENST00000380036_90_90;ENST00000406359_90_90;ENST00000519080_90_90;ENST00000519097_90_90;ENST00000615002_90_90;ENSMUST00000071168_90_90;ENSMUST00000073939_90_90;ENSMUST00000102798_90_90
ENSCAFT00000002677_90_90;1.0;0.999;0.961;0.416;0.869;0.406;1.0;0.955;1.0
ENST00000380036_90_90;0.999;1.0;0.962;0.417;0.868;0.401;0.999;0.954;0.999
ENST00000406359_90_90;0.961;0.962;1.0;0.433;0.903;0.417;0.96;0.916;0.961
ENST00000519080_90_90;0.416;0.417;0.433;1.0;0.48;0.492;0.415;0.377;0.415
ENST00000519097_90_90;0.869;0.868;0.903;0.48;1.0;0.322;0.868;0.822;0.867
ENST00000615002_90_90;0.406;0.401;0.417;0.492;0.322;1.0;0.405;0.359;0.404
ENSMUST00000071168_90_90;1.0;0.999;0.96;0.415;0.868;0.405;1.0;0.954;0.999
ENSMUST00000073939_90_90;0.955;0.954;0.916;0.377;0.822;0.359;0.954;1.0;0.955
ENSMUST00000102798_90_90;1.0;0.999;0.961;0.415;0.867;0.404;0.999;0.955;1.0
