;ENSBTAT00000015010_98;ENSBTAT00000080357_98;ENSBTAT00000087085_98;ENSBTAT00000017737_98;ENSBTAT00000086434_98;ENSBTAT00000029290_98;ENSBTAT00000066861_98;ENSBTAT00000066910_98;ENSBTAT00000073901_98;ENSBTAT00000080870_98;ENSBTAT00000061546_98;ENSBTAT00000069604_98;ENSBTAT00000074020_98;ENSBTAT00000075959_98;ENSBTAT00000076356_98;ENSBTAT00000081308_98;ENSBTAT00000081630_98;ENSBTAT00000083172_98;ENSCAFT00000000314_98;ENSCAFT00000045886_98;ENSCAFT00000046541_98;ENSCAFT00000012639_98;ENSCAFT00000060684_98;ENSCAFT00000071660_98;ENSCAFT00000084935_98;ENSCAFT00000087325_98;ENSCAFT00000092868_98;ENSCAFT00000016995_98;ENSCAFT00000060924_98;ENSCAFT00000061198_98;ENSCAFT00000063502_98;ENSCAFT00000064988_98;ENSCAFT00000071901_98;ENSCAFT00000083114_98;ENSCAFT00000018974_98;ENSCAFT00000068746_98;ENSCAFT00000077250_98;ENSCAFT00020022101_98;ENSCAFT00020025982_98;ENSCAFT00020025986_98;ENSCAFT00020032129_98;ENSCAFT00020032133_98;ENSCAFT00020032136_98;ENSCAFT00020034687_98;ENSCAFT00020034697_98;ENSCAFT00020034698_98;ENSCAFT00020034699_98;ENSCAFT00020034705_98;ENST00000317304_98;ENST00000327619_98;ENST00000357410_98;ENST00000458636_98;ENST00000497062_98;ENST00000611592_98;ENST00000303824_98;ENST00000340726_98;ENST00000388740_98;ENST00000388741_98;ENST00000388742_98;ENST00000388743_98;ENST00000419131_98;ENST00000465115_98;ENST00000493349_98;ENST00000642391_98;ENST00000643681_98;ENST00000644229_98;ENST00000644712_98;ENST00000645451_98;ENST00000645793_98;ENST00000647540_98;ENST00000355167_98;ENST00000355286_98;ENST00000430974_98;ENST00000431403_98;ENST00000452339_98;ENST00000525849_98;ENST00000531901_98;ENST00000373863_98;ENST00000373864_98;ENST00000373871_98;ENST00000436342_98;ENST00000540618_98;ENSGALT00000001127_98;ENSGALT00000090514_98;ENSGALT00000100799_98;ENSGALT00000007180_98;ENSGALT00000050872_98;ENSGALT00000048760_98;ENSGALT00000074069_98;ENSGALT00000075673_98;ENSGALT00000049593_98;ENSGALT00000052286_98;ENSGALT00000074711_98;ENSGALT00000076729_98;ENSGALT00000076788_98;ENSGALT00000102024_98;ENSMUST00000074366_98;ENSMUST00000092665_98;ENSMUST00000218049_98;ENSMUST00000219315_98;ENSMUST00000220299_98;ENSMUST00000063433_98;ENSMUST00000088132_98;ENSMUST00000027066_98;ENSMUST00000080664_98;ENSMUST00000168081_98;ENSMUST00000185453_98;ENSMUST00000187790_98;ENSMUST00000188857_98;ENSMUST00000189526_98;ENSMUST00000190337_98;ENSMUST00000020197_98;ENSMUST00000079157_98;ENSMUST00000081726_98;ENSMUST00000135299_98;ENSMUST00000180250_98
ENSBTAT00000015010_98;1.0;0.861;0.934;0.986;0.96;0.776;0.676;0.776;0.766;0.728;0.698;0.633;0.697;0.698;0.709;0.698;0.698;0.698;0.694;0.652;0.716;0.914;0.865;0.988;0.966;0.946;0.955;0.976;0.96;0.915;0.976;0.911;0.945;0.845;0.98;0.653;0.872;0.998;0.96;0.904;0.858;0.885;0.839;0.84;0.829;0.752;0.839;0.596;0.933;0.978;0.859;0.378;0.923;0.933;0.923;0.942;0.861;0.855;0.942;0.937;0.891;0.41;0.18;0.154;0.989;0.936;0.93;0.174;0.942;0.942;0.651;0.672;0.625;0.678;0.664;0.656;0.672;0.675;0.728;0.69;0.702;0.701;0.71;0.723;0.71;0.969;0.921;0.729;0.778;0.695;0.83;0.845;0.886;0.764;0.877;0.833;0.663;0.686;0.0;0.68;0.663;0.973;0.973;0.949;0.865;0.943;0.382;0.304;0.359;0.122;0.949;0.746;0.715;0.713;0.174;0.746
ENSBTAT00000080357_98;0.861;1.0;0.871;0.949;0.923;0.79;0.687;0.79;0.779;0.74;0.543;0.479;0.542;0.543;0.553;0.543;0.543;0.543;0.543;0.501;0.565;0.856;0.963;0.872;0.886;0.87;0.875;0.943;0.887;0.908;0.943;0.845;0.913;0.836;0.921;0.693;0.841;0.926;0.876;0.846;0.783;0.897;0.879;0.784;0.772;0.694;0.776;0.627;0.905;0.951;0.831;0.393;0.901;0.905;0.871;0.865;0.958;0.951;0.865;0.859;0.835;0.336;0.206;0.068;0.874;0.845;0.839;0.202;0.865;0.865;0.505;0.528;0.478;0.532;0.517;0.51;0.528;0.52;0.569;0.536;0.547;0.546;0.554;0.565;0.554;0.958;0.869;0.742;0.791;0.725;0.815;0.848;0.805;0.78;0.883;0.836;0.502;0.524;0.0;0.519;0.502;0.973;0.973;0.859;0.952;0.876;0.282;0.203;0.388;0.138;0.859;0.584;0.557;0.555;0.033;0.584
ENSBTAT00000087085_98;0.934;0.871;1.0;0.986;0.96;0.787;0.686;0.787;0.776;0.738;0.635;0.571;0.635;0.635;0.647;0.635;0.635;0.635;0.635;0.594;0.658;0.909;0.901;0.947;0.962;1.0;0.95;0.984;0.952;0.923;0.984;0.903;0.954;0.853;0.955;0.669;0.847;0.99;0.949;0.893;0.858;0.885;0.839;0.834;0.823;0.746;0.827;0.604;0.942;0.988;0.868;0.381;0.932;0.942;0.976;0.995;0.897;0.89;0.995;0.988;0.94;0.434;0.19;0.163;0.949;0.897;0.89;0.176;0.995;0.995;0.593;0.615;0.567;0.621;0.606;0.599;0.615;0.613;0.675;0.628;0.64;0.639;0.648;0.66;0.648;0.986;0.913;0.74;0.788;0.706;0.807;0.839;0.866;0.742;0.873;0.827;0.593;0.614;0.0;0.609;0.593;0.982;0.982;0.976;0.877;0.968;0.391;0.311;0.359;0.126;0.976;0.689;0.657;0.655;0.114;0.689
ENSBTAT00000017737_98;0.986;0.949;0.986;1.0;0.943;0.83;0.734;0.83;0.818;0.778;0.702;0.627;0.702;0.702;0.702;0.702;0.702;0.702;0.715;0.651;0.756;0.935;0.953;0.986;0.986;0.986;0.986;0.994;0.955;0.949;0.994;0.905;0.994;0.877;0.976;0.721;0.879;0.994;0.977;0.926;0.866;0.928;0.892;0.857;0.854;0.768;0.839;0.65;0.949;0.994;0.875;0.385;0.939;0.949;0.979;0.983;0.949;0.949;0.983;0.983;0.932;0.371;0.216;0.096;0.983;0.932;0.932;0.162;0.983;0.983;0.644;0.685;0.59;0.685;0.644;0.644;0.685;0.653;0.69;0.69;0.69;0.69;0.722;0.722;0.722;0.99;0.989;0.778;0.83;0.756;0.889;0.905;0.897;0.822;0.944;0.89;0.644;0.685;0.0;0.685;0.644;0.989;0.989;0.968;0.934;0.964;0.312;0.235;0.337;0.143;0.968;0.708;0.708;0.708;0.062;0.708
ENSBTAT00000086434_98;0.96;0.923;0.96;0.943;1.0;0.836;0.74;0.836;0.824;0.784;0.659;0.584;0.659;0.659;0.659;0.659;0.659;0.659;0.673;0.609;0.714;0.909;0.927;0.96;0.96;0.96;0.96;0.958;0.919;0.913;0.958;0.868;0.958;0.84;0.956;0.702;0.859;0.958;0.951;0.899;0.848;0.909;0.873;0.831;0.827;0.748;0.82;0.669;0.913;0.958;0.837;0.37;0.902;0.913;0.954;0.957;0.923;0.923;0.957;0.957;0.907;0.345;0.222;0.106;0.957;0.907;0.907;0.137;0.957;0.957;0.606;0.646;0.551;0.646;0.606;0.606;0.646;0.611;0.648;0.648;0.648;0.648;0.678;0.678;0.678;0.96;0.96;0.784;0.836;0.762;0.863;0.877;0.87;0.796;0.915;0.863;0.606;0.646;0.0;0.646;0.606;0.952;0.952;0.943;0.909;0.939;0.287;0.21;0.311;0.146;0.943;0.664;0.664;0.664;0.066;0.664
ENSBTAT00000029290_98;0.776;0.79;0.787;0.83;0.836;1.0;0.823;1.0;0.988;0.867;0.58;0.582;0.581;0.58;0.584;0.58;0.581;0.58;0.51;0.453;0.548;0.724;0.809;0.78;0.783;0.794;0.777;0.828;0.79;0.775;0.828;0.718;0.809;0.735;0.859;0.748;0.746;0.822;0.865;0.799;0.764;0.768;0.836;0.77;0.758;0.75;0.787;0.853;0.772;0.824;0.729;0.347;0.758;0.772;0.735;0.744;0.756;0.757;0.744;0.744;0.686;0.237;0.242;0.0;0.734;0.678;0.678;0.015;0.744;0.744;0.485;0.524;0.433;0.525;0.488;0.487;0.524;0.518;0.586;0.572;0.576;0.576;0.584;0.588;0.584;0.826;0.782;0.85;0.983;0.863;0.746;0.772;0.75;0.758;0.704;0.759;0.486;0.524;0.0;0.523;0.486;0.843;0.843;0.725;0.738;0.716;0.135;0.09;0.206;0.19;0.725;0.595;0.586;0.585;0.0;0.595
ENSBTAT00000066861_98;0.676;0.687;0.686;0.734;0.74;0.823;1.0;0.823;0.812;0.952;0.404;0.405;0.404;0.404;0.406;0.404;0.404;0.404;0.352;0.295;0.475;0.623;0.705;0.679;0.682;0.692;0.677;0.73;0.695;0.677;0.73;0.621;0.715;0.637;0.748;0.631;0.637;0.726;0.75;0.684;0.642;0.679;0.743;0.693;0.68;0.669;0.658;0.767;0.677;0.728;0.633;0.387;0.663;0.677;0.638;0.647;0.658;0.658;0.647;0.647;0.59;0.168;0.271;0.0;0.639;0.583;0.583;0.018;0.647;0.647;0.335;0.454;0.282;0.455;0.337;0.336;0.454;0.34;0.405;0.396;0.399;0.398;0.406;0.409;0.406;0.725;0.688;0.934;0.806;0.865;0.645;0.675;0.647;0.655;0.605;0.656;0.335;0.455;0.0;0.454;0.335;0.746;0.746;0.631;0.643;0.622;0.151;0.101;0.18;0.211;0.631;0.413;0.407;0.406;0.0;0.413
ENSBTAT00000066910_98;0.776;0.79;0.787;0.83;0.836;1.0;0.823;1.0;0.988;0.867;0.58;0.582;0.581;0.58;0.584;0.58;0.581;0.58;0.51;0.453;0.548;0.724;0.809;0.78;0.783;0.794;0.777;0.828;0.79;0.775;0.828;0.718;0.809;0.735;0.859;0.748;0.746;0.822;0.865;0.799;0.764;0.768;0.836;0.77;0.758;0.75;0.787;0.853;0.772;0.824;0.729;0.347;0.758;0.772;0.735;0.744;0.756;0.757;0.744;0.744;0.686;0.237;0.242;0.0;0.734;0.678;0.678;0.015;0.744;0.744;0.485;0.524;0.433;0.525;0.488;0.487;0.524;0.518;0.586;0.572;0.576;0.576;0.584;0.588;0.584;0.826;0.782;0.85;0.983;0.863;0.746;0.772;0.75;0.758;0.704;0.759;0.486;0.524;0.0;0.523;0.486;0.843;0.843;0.725;0.738;0.716;0.135;0.09;0.206;0.19;0.725;0.595;0.586;0.585;0.0;0.595
ENSBTAT00000073901_98;0.766;0.779;0.776;0.818;0.824;0.988;0.812;0.988;1.0;0.856;0.581;0.583;0.581;0.581;0.584;0.581;0.582;0.581;0.51;0.453;0.548;0.713;0.797;0.769;0.772;0.782;0.766;0.816;0.778;0.762;0.816;0.706;0.797;0.723;0.847;0.736;0.734;0.809;0.853;0.786;0.752;0.756;0.823;0.757;0.744;0.736;0.773;0.837;0.76;0.811;0.716;0.351;0.746;0.76;0.724;0.733;0.746;0.746;0.733;0.733;0.675;0.24;0.245;0.0;0.724;0.667;0.667;0.015;0.733;0.733;0.486;0.524;0.434;0.525;0.489;0.487;0.524;0.518;0.587;0.573;0.577;0.576;0.584;0.588;0.584;0.814;0.77;0.839;0.971;0.851;0.735;0.761;0.738;0.748;0.692;0.748;0.487;0.525;0.0;0.524;0.487;0.83;0.83;0.715;0.728;0.706;0.137;0.091;0.209;0.192;0.715;0.595;0.587;0.585;0.0;0.595
ENSBTAT00000080870_98;0.728;0.74;0.738;0.778;0.784;0.867;0.952;0.867;0.856;1.0;0.49;0.492;0.491;0.49;0.493;0.49;0.491;0.49;0.432;0.374;0.47;0.674;0.758;0.731;0.734;0.744;0.728;0.774;0.737;0.72;0.774;0.664;0.757;0.68;0.802;0.688;0.689;0.768;0.807;0.741;0.69;0.73;0.796;0.751;0.738;0.73;0.716;0.834;0.721;0.772;0.676;0.37;0.706;0.721;0.687;0.697;0.709;0.709;0.697;0.697;0.639;0.189;0.256;0.0;0.688;0.631;0.632;0.016;0.697;0.697;0.409;0.448;0.356;0.449;0.411;0.41;0.448;0.427;0.494;0.482;0.485;0.485;0.493;0.496;0.493;0.768;0.728;0.982;0.85;0.912;0.694;0.728;0.698;0.706;0.657;0.706;0.409;0.448;0.0;0.447;0.409;0.79;0.79;0.679;0.692;0.67;0.142;0.096;0.171;0.2;0.679;0.502;0.495;0.494;0.0;0.502
ENSBTAT00000061546_98;0.698;0.543;0.635;0.702;0.659;0.58;0.404;0.58;0.581;0.49;1.0;0.946;0.956;1.0;0.911;1.0;0.967;1.0;0.911;0.939;0.896;0.63;0.48;0.66;0.636;0.56;0.668;0.617;0.664;0.609;0.617;0.541;0.705;0.63;0.714;0.254;0.581;0.716;0.754;0.749;0.752;0.671;0.599;0.578;0.61;0.503;0.51;0.211;0.691;0.682;0.707;0.367;0.602;0.691;0.595;0.619;0.528;0.519;0.619;0.611;0.609;0.556;0.058;0.229;0.678;0.668;0.659;0.256;0.619;0.619;0.889;0.875;0.865;0.867;0.84;0.881;0.885;0.871;0.724;0.998;0.909;0.909;1.0;0.91;1.0;0.526;0.752;0.494;0.58;0.438;0.691;0.664;0.723;0.614;0.674;0.656;0.89;0.875;0.071;0.884;0.89;0.67;0.67;0.651;0.554;0.643;0.54;0.43;0.518;0.0;0.651;0.73;0.874;0.91;0.522;0.73
ENSBTAT00000069604_98;0.633;0.479;0.571;0.627;0.584;0.582;0.405;0.582;0.583;0.492;0.946;1.0;0.903;0.946;0.857;0.946;0.913;0.946;0.858;0.884;0.843;0.574;0.423;0.604;0.58;0.504;0.613;0.553;0.6;0.544;0.553;0.478;0.641;0.563;0.652;0.272;0.519;0.646;0.684;0.679;0.679;0.599;0.652;0.508;0.539;0.433;0.44;0.228;0.616;0.608;0.631;0.405;0.527;0.616;0.531;0.556;0.465;0.457;0.556;0.547;0.545;0.485;0.061;0.158;0.615;0.605;0.596;0.184;0.556;0.556;0.838;0.824;0.811;0.815;0.787;0.829;0.835;0.817;0.671;0.944;0.855;0.855;0.946;0.856;0.946;0.471;0.697;0.429;0.516;0.49;0.638;0.61;0.669;0.653;0.62;0.603;0.837;0.823;0.075;0.833;0.837;0.594;0.594;0.584;0.486;0.576;0.464;0.353;0.441;0.0;0.584;0.676;0.82;0.855;0.552;0.676
ENSBTAT00000074020_98;0.697;0.542;0.635;0.702;0.659;0.581;0.404;0.581;0.581;0.491;0.956;0.903;1.0;0.956;0.869;0.956;0.97;0.956;0.897;0.923;0.881;0.633;0.482;0.662;0.638;0.562;0.671;0.617;0.664;0.609;0.617;0.541;0.705;0.63;0.714;0.254;0.581;0.716;0.754;0.749;0.752;0.671;0.599;0.578;0.61;0.503;0.51;0.211;0.691;0.682;0.707;0.367;0.602;0.691;0.594;0.619;0.527;0.519;0.619;0.61;0.609;0.555;0.058;0.228;0.677;0.667;0.659;0.256;0.619;0.619;0.883;0.867;0.844;0.846;0.82;0.86;0.879;0.847;0.742;0.974;0.931;0.885;0.976;0.886;0.976;0.528;0.747;0.494;0.581;0.439;0.678;0.674;0.734;0.602;0.684;0.666;0.869;0.855;0.056;0.877;0.869;0.67;0.67;0.653;0.555;0.645;0.543;0.432;0.521;0.0;0.653;0.741;0.887;0.877;0.494;0.741
ENSBTAT00000075959_98;0.698;0.543;0.635;0.702;0.659;0.58;0.404;0.58;0.581;0.49;1.0;0.946;0.956;1.0;0.911;1.0;0.967;1.0;0.911;0.939;0.896;0.63;0.48;0.66;0.636;0.56;0.668;0.617;0.664;0.609;0.617;0.541;0.705;0.63;0.714;0.254;0.581;0.716;0.754;0.749;0.752;0.671;0.599;0.578;0.61;0.503;0.51;0.211;0.691;0.682;0.707;0.367;0.602;0.691;0.595;0.619;0.528;0.519;0.619;0.611;0.609;0.556;0.058;0.229;0.678;0.668;0.659;0.256;0.619;0.619;0.889;0.875;0.865;0.867;0.84;0.881;0.885;0.871;0.724;0.998;0.909;0.909;1.0;0.91;1.0;0.526;0.752;0.494;0.58;0.438;0.691;0.664;0.723;0.614;0.674;0.656;0.89;0.875;0.071;0.884;0.89;0.67;0.67;0.651;0.554;0.643;0.54;0.43;0.518;0.0;0.651;0.73;0.874;0.91;0.522;0.73
ENSBTAT00000076356_98;0.709;0.553;0.647;0.702;0.659;0.584;0.406;0.584;0.584;0.493;0.911;0.857;0.869;0.911;1.0;0.911;0.878;0.911;0.823;0.849;0.808;0.659;0.528;0.712;0.665;0.619;0.633;0.635;0.676;0.627;0.635;0.55;0.688;0.649;0.691;0.263;0.557;0.715;0.72;0.715;0.71;0.644;0.57;0.54;0.573;0.464;0.518;0.229;0.7;0.69;0.718;0.376;0.609;0.7;0.603;0.628;0.536;0.527;0.628;0.619;0.619;0.572;0.059;0.235;0.687;0.677;0.669;0.262;0.628;0.628;0.804;0.79;0.776;0.78;0.752;0.794;0.8;0.956;0.796;0.909;0.819;0.998;0.91;1.0;0.91;0.574;0.679;0.497;0.584;0.441;0.643;0.616;0.675;0.567;0.626;0.61;0.802;0.788;0.079;0.798;0.802;0.677;0.677;0.661;0.562;0.652;0.555;0.442;0.533;0.0;0.661;0.803;0.96;1.0;0.432;0.803
ENSBTAT00000081308_98;0.698;0.543;0.635;0.702;0.659;0.58;0.404;0.58;0.581;0.49;1.0;0.946;0.956;1.0;0.911;1.0;0.967;1.0;0.911;0.939;0.896;0.63;0.48;0.66;0.636;0.56;0.668;0.617;0.664;0.609;0.617;0.541;0.705;0.63;0.714;0.254;0.581;0.716;0.754;0.749;0.752;0.671;0.599;0.578;0.61;0.503;0.51;0.211;0.691;0.682;0.707;0.367;0.602;0.691;0.595;0.619;0.528;0.519;0.619;0.611;0.609;0.556;0.058;0.229;0.678;0.668;0.659;0.256;0.619;0.619;0.889;0.875;0.865;0.867;0.84;0.881;0.885;0.871;0.724;0.998;0.909;0.909;1.0;0.91;1.0;0.526;0.752;0.494;0.58;0.438;0.691;0.664;0.723;0.614;0.674;0.656;0.89;0.875;0.071;0.884;0.89;0.67;0.67;0.651;0.554;0.643;0.54;0.43;0.518;0.0;0.651;0.73;0.874;0.91;0.522;0.73
ENSBTAT00000081630_98;0.698;0.543;0.635;0.702;0.659;0.581;0.404;0.581;0.582;0.491;0.967;0.913;0.97;0.967;0.878;0.967;1.0;0.967;0.898;0.925;0.883;0.633;0.482;0.662;0.638;0.562;0.671;0.617;0.664;0.609;0.617;0.541;0.705;0.63;0.714;0.254;0.581;0.716;0.754;0.749;0.752;0.671;0.599;0.578;0.61;0.503;0.51;0.211;0.691;0.682;0.707;0.367;0.602;0.691;0.596;0.621;0.529;0.521;0.621;0.612;0.611;0.559;0.058;0.23;0.679;0.669;0.661;0.257;0.621;0.621;0.875;0.86;0.835;0.837;0.81;0.851;0.871;0.847;0.742;0.974;0.931;0.885;0.976;0.886;0.976;0.528;0.747;0.494;0.581;0.439;0.678;0.674;0.734;0.602;0.684;0.666;0.86;0.846;0.047;0.869;0.86;0.67;0.67;0.653;0.555;0.645;0.543;0.432;0.52;0.0;0.653;0.747;0.893;0.884;0.498;0.747
ENSBTAT00000083172_98;0.698;0.543;0.635;0.702;0.659;0.58;0.404;0.58;0.581;0.49;1.0;0.946;0.956;1.0;0.911;1.0;0.967;1.0;0.911;0.939;0.896;0.63;0.48;0.66;0.636;0.56;0.668;0.617;0.664;0.609;0.617;0.541;0.705;0.63;0.714;0.254;0.581;0.716;0.754;0.749;0.752;0.671;0.599;0.578;0.61;0.503;0.51;0.211;0.691;0.682;0.707;0.367;0.602;0.691;0.595;0.619;0.528;0.519;0.619;0.611;0.609;0.556;0.058;0.229;0.678;0.668;0.659;0.256;0.619;0.619;0.889;0.875;0.865;0.867;0.84;0.881;0.885;0.871;0.724;0.998;0.909;0.909;1.0;0.91;1.0;0.526;0.752;0.494;0.58;0.438;0.691;0.664;0.723;0.614;0.674;0.656;0.89;0.875;0.071;0.884;0.89;0.67;0.67;0.651;0.554;0.643;0.54;0.43;0.518;0.0;0.651;0.73;0.874;0.91;0.522;0.73
ENSCAFT00000000314_98;0.694;0.543;0.635;0.715;0.673;0.51;0.352;0.51;0.51;0.432;0.911;0.858;0.897;0.911;0.823;0.911;0.898;0.911;1.0;0.941;0.903;0.628;0.482;0.661;0.637;0.575;0.67;0.629;0.663;0.615;0.629;0.55;0.732;0.634;0.718;0.267;0.587;0.721;0.782;0.773;0.77;0.715;0.628;0.591;0.627;0.502;0.511;0.223;0.669;0.664;0.683;0.369;0.587;0.669;0.594;0.617;0.515;0.508;0.617;0.609;0.605;0.555;0.059;0.23;0.658;0.646;0.638;0.245;0.617;0.617;0.995;0.898;0.881;0.875;0.932;0.971;0.889;0.85;0.661;0.915;0.84;0.826;0.917;0.828;0.917;0.544;0.794;0.439;0.514;0.391;0.72;0.679;0.74;0.643;0.689;0.674;0.96;0.865;0.064;0.887;0.96;0.644;0.644;0.645;0.537;0.637;0.537;0.429;0.5;0.046;0.645;0.661;0.798;0.825;0.502;0.661
ENSCAFT00000045886_98;0.652;0.501;0.594;0.651;0.609;0.453;0.295;0.453;0.453;0.374;0.939;0.884;0.923;0.939;0.849;0.939;0.925;0.939;0.941;1.0;0.849;0.596;0.451;0.63;0.606;0.532;0.638;0.575;0.617;0.56;0.575;0.497;0.677;0.578;0.667;0.217;0.536;0.663;0.736;0.727;0.736;0.68;0.583;0.546;0.583;0.457;0.468;0.178;0.612;0.607;0.624;0.306;0.53;0.612;0.55;0.574;0.483;0.475;0.574;0.566;0.56;0.575;0.018;0.239;0.626;0.613;0.606;0.264;0.574;0.574;0.939;0.845;0.926;0.823;0.877;0.915;0.856;0.877;0.68;0.942;0.865;0.851;0.942;0.851;0.942;0.494;0.743;0.382;0.459;0.334;0.675;0.633;0.694;0.597;0.641;0.629;0.916;0.824;0.066;0.847;0.916;0.588;0.588;0.599;0.503;0.591;0.558;0.446;0.532;0.0;0.599;0.682;0.822;0.849;0.522;0.682
ENSCAFT00000046541_98;0.716;0.565;0.658;0.756;0.714;0.548;0.475;0.548;0.548;0.47;0.896;0.843;0.881;0.896;0.808;0.896;0.883;0.896;0.903;0.849;1.0;0.647;0.501;0.68;0.657;0.594;0.689;0.663;0.696;0.649;0.663;0.584;0.765;0.668;0.738;0.283;0.607;0.76;0.804;0.796;0.787;0.708;0.645;0.608;0.639;0.519;0.529;0.236;0.711;0.705;0.725;0.465;0.628;0.711;0.616;0.639;0.538;0.529;0.639;0.631;0.627;0.53;0.113;0.223;0.68;0.669;0.66;0.237;0.639;0.639;0.898;0.995;0.79;0.971;0.839;0.875;0.984;0.777;0.641;0.893;0.818;0.805;0.901;0.812;0.901;0.561;0.81;0.475;0.551;0.427;0.742;0.7;0.762;0.664;0.71;0.696;0.865;0.96;0.063;0.984;0.865;0.688;0.688;0.67;0.561;0.661;0.52;0.415;0.484;0.062;0.67;0.648;0.783;0.81;0.504;0.648
ENSCAFT00000012639_98;0.914;0.856;0.909;0.935;0.909;0.724;0.623;0.724;0.713;0.674;0.63;0.574;0.633;0.63;0.659;0.63;0.633;0.63;0.628;0.596;0.647;1.0;0.809;0.891;0.949;0.883;0.884;0.931;0.903;0.962;0.931;0.862;0.895;0.801;0.897;0.625;0.818;0.942;0.884;0.934;0.782;0.814;0.768;0.788;0.777;0.702;0.78;0.534;0.979;0.936;0.818;0.326;0.887;0.979;0.895;0.889;0.816;0.81;0.889;0.884;0.939;0.433;0.139;0.164;0.93;0.981;0.975;0.194;0.889;0.889;0.592;0.611;0.573;0.615;0.603;0.596;0.617;0.627;0.675;0.624;0.638;0.652;0.643;0.673;0.643;0.927;0.841;0.676;0.725;0.659;0.736;0.761;0.803;0.673;0.793;0.75;0.599;0.618;0.0;0.614;0.599;0.925;0.925;0.918;0.841;0.937;0.384;0.303;0.367;0.08;0.918;0.693;0.667;0.662;0.18;0.693
ENSCAFT00000060684_98;0.865;0.963;0.901;0.953;0.927;0.809;0.705;0.809;0.797;0.758;0.48;0.423;0.482;0.48;0.528;0.48;0.482;0.48;0.482;0.451;0.501;0.809;1.0;0.843;0.861;0.887;0.837;0.95;0.886;0.916;0.95;0.838;0.911;0.843;0.909;0.695;0.803;0.924;0.87;0.816;0.78;0.897;0.879;0.742;0.732;0.657;0.745;0.65;0.916;0.961;0.841;0.396;0.905;0.916;0.866;0.885;0.997;0.99;0.885;0.879;0.831;0.333;0.202;0.068;0.869;0.818;0.811;0.213;0.885;0.885;0.451;0.469;0.428;0.472;0.458;0.453;0.475;0.498;0.545;0.475;0.485;0.523;0.49;0.54;0.49;0.966;0.849;0.759;0.809;0.725;0.806;0.835;0.778;0.773;0.869;0.822;0.455;0.474;0.0;0.471;0.455;0.984;0.984;0.866;0.976;0.859;0.291;0.213;0.411;0.133;0.866;0.56;0.534;0.53;0.017;0.56
ENSCAFT00000071660_98;0.988;0.872;0.947;0.986;0.96;0.78;0.679;0.78;0.769;0.731;0.66;0.604;0.662;0.66;0.712;0.66;0.662;0.66;0.661;0.63;0.68;0.891;0.843;1.0;0.941;0.914;0.915;0.976;0.958;0.916;0.976;0.911;0.938;0.846;0.978;0.648;0.873;0.996;0.951;0.897;0.847;0.864;0.819;0.805;0.794;0.722;0.843;0.588;0.927;0.971;0.855;0.371;0.917;0.927;0.916;0.935;0.861;0.855;0.935;0.929;0.883;0.408;0.175;0.155;0.975;0.923;0.917;0.182;0.935;0.935;0.62;0.639;0.601;0.643;0.63;0.624;0.645;0.68;0.736;0.654;0.667;0.705;0.673;0.726;0.673;0.96;0.901;0.731;0.78;0.698;0.814;0.841;0.883;0.752;0.875;0.83;0.627;0.646;0.0;0.642;0.627;0.965;0.965;0.938;0.862;0.931;0.379;0.302;0.363;0.117;0.938;0.754;0.721;0.716;0.199;0.754
ENSCAFT00000084935_98;0.966;0.886;0.962;0.986;0.96;0.783;0.682;0.783;0.772;0.734;0.636;0.58;0.638;0.636;0.665;0.636;0.638;0.636;0.637;0.606;0.657;0.949;0.861;0.941;1.0;0.933;0.933;0.981;0.953;0.921;0.981;0.905;0.943;0.851;0.956;0.662;0.851;0.991;0.939;0.884;0.838;0.871;0.827;0.824;0.812;0.738;0.817;0.597;0.937;0.982;0.863;0.376;0.927;0.937;0.923;0.942;0.868;0.862;0.942;0.936;0.889;0.41;0.176;0.156;0.982;0.93;0.924;0.183;0.942;0.942;0.598;0.617;0.578;0.62;0.608;0.602;0.622;0.634;0.68;0.63;0.643;0.659;0.649;0.679;0.649;0.978;0.885;0.735;0.783;0.701;0.787;0.815;0.857;0.725;0.849;0.803;0.604;0.623;0.0;0.619;0.604;0.976;0.976;0.946;0.87;0.94;0.382;0.304;0.366;0.119;0.946;0.697;0.673;0.669;0.175;0.697
ENSCAFT00000087325_98;0.946;0.87;1.0;0.986;0.96;0.794;0.692;0.794;0.782;0.744;0.56;0.504;0.562;0.56;0.619;0.56;0.562;0.56;0.575;0.532;0.594;0.883;0.887;0.914;0.933;1.0;0.907;0.984;0.95;0.925;0.984;0.902;0.946;0.853;0.942;0.672;0.836;0.988;0.933;0.879;0.838;0.871;0.827;0.806;0.795;0.722;0.81;0.607;0.943;0.988;0.869;0.378;0.933;0.943;0.978;0.997;0.885;0.879;0.997;0.991;0.942;0.435;0.186;0.166;0.944;0.891;0.886;0.173;0.997;0.997;0.537;0.557;0.508;0.56;0.546;0.541;0.553;0.587;0.648;0.555;0.567;0.611;0.572;0.631;0.572;0.986;0.885;0.746;0.795;0.712;0.788;0.815;0.839;0.724;0.849;0.803;0.54;0.559;0.0;0.556;0.54;0.982;0.982;0.978;0.866;0.971;0.393;0.314;0.352;0.122;0.978;0.66;0.63;0.627;0.103;0.66
ENSCAFT00000092868_98;0.955;0.875;0.95;0.986;0.96;0.777;0.677;0.777;0.766;0.728;0.668;0.613;0.671;0.668;0.633;0.668;0.671;0.668;0.67;0.638;0.689;0.884;0.837;0.915;0.933;0.907;1.0;0.959;0.939;0.901;0.959;0.892;0.955;0.832;0.962;0.646;0.857;0.987;0.962;0.908;0.868;0.895;0.851;0.843;0.833;0.76;0.803;0.573;0.92;0.964;0.848;0.369;0.909;0.92;0.913;0.931;0.857;0.851;0.931;0.925;0.879;0.406;0.174;0.155;0.971;0.92;0.914;0.182;0.931;0.931;0.628;0.647;0.609;0.651;0.638;0.632;0.653;0.603;0.654;0.662;0.676;0.627;0.682;0.646;0.682;0.942;0.92;0.729;0.777;0.695;0.819;0.847;0.888;0.756;0.881;0.835;0.635;0.654;0.0;0.65;0.635;0.959;0.959;0.933;0.858;0.926;0.378;0.301;0.362;0.117;0.933;0.669;0.64;0.636;0.208;0.669
ENSCAFT00000016995_98;0.976;0.943;0.984;0.994;0.958;0.828;0.73;0.828;0.816;0.774;0.617;0.553;0.617;0.617;0.635;0.617;0.617;0.617;0.629;0.575;0.663;0.931;0.95;0.976;0.981;0.984;0.959;1.0;0.93;0.934;1.0;0.883;0.925;0.863;0.967;0.709;0.873;0.972;0.91;0.863;0.819;0.873;0.839;0.827;0.804;0.732;0.831;0.636;0.949;0.994;0.874;0.382;0.939;0.949;0.978;0.981;0.946;0.946;0.981;0.981;0.931;0.381;0.213;0.11;0.978;0.927;0.927;0.164;0.981;0.981;0.569;0.602;0.534;0.605;0.583;0.572;0.602;0.594;0.669;0.608;0.625;0.626;0.634;0.653;0.634;0.99;0.926;0.774;0.828;0.753;0.845;0.865;0.861;0.782;0.901;0.852;0.571;0.605;0.0;0.602;0.571;0.988;0.988;0.966;0.931;0.962;0.324;0.247;0.338;0.14;0.966;0.685;0.644;0.64;0.07;0.685
ENSCAFT00000060924_98;0.96;0.887;0.952;0.955;0.919;0.79;0.695;0.79;0.778;0.737;0.664;0.6;0.664;0.664;0.676;0.664;0.664;0.664;0.663;0.617;0.696;0.903;0.886;0.958;0.953;0.95;0.939;0.93;1.0;0.875;0.93;0.877;0.863;0.805;0.946;0.654;0.851;0.962;0.898;0.851;0.791;0.817;0.782;0.794;0.781;0.709;0.815;0.584;0.901;0.946;0.828;0.34;0.89;0.901;0.949;0.953;0.889;0.889;0.953;0.953;0.903;0.408;0.17;0.129;0.956;0.906;0.906;0.167;0.953;0.953;0.607;0.64;0.581;0.643;0.622;0.61;0.64;0.632;0.712;0.655;0.673;0.666;0.683;0.696;0.683;0.94;0.887;0.738;0.791;0.716;0.802;0.826;0.852;0.74;0.859;0.813;0.61;0.643;0.0;0.64;0.61;0.94;0.94;0.94;0.876;0.936;0.35;0.271;0.344;0.099;0.94;0.728;0.684;0.681;0.107;0.728
ENSCAFT00000061198_98;0.915;0.908;0.923;0.949;0.913;0.775;0.677;0.775;0.762;0.72;0.609;0.544;0.609;0.609;0.627;0.609;0.609;0.609;0.615;0.56;0.649;0.962;0.916;0.916;0.921;0.925;0.901;0.934;0.875;1.0;0.934;0.828;0.865;0.832;0.903;0.668;0.808;0.913;0.851;0.887;0.756;0.833;0.796;0.758;0.745;0.673;0.769;0.594;1.0;0.954;0.835;0.335;0.899;1.0;0.918;0.921;0.913;0.913;0.921;0.921;0.963;0.384;0.168;0.101;0.918;0.959;0.959;0.174;0.921;0.921;0.562;0.596;0.528;0.599;0.577;0.565;0.596;0.585;0.66;0.601;0.617;0.619;0.627;0.646;0.627;0.947;0.868;0.721;0.775;0.7;0.808;0.833;0.803;0.744;0.867;0.82;0.565;0.599;0.0;0.596;0.565;0.944;0.944;0.935;0.927;0.933;0.325;0.244;0.36;0.094;0.935;0.677;0.636;0.633;0.051;0.677
ENSCAFT00000063502_98;0.976;0.943;0.984;0.994;0.958;0.828;0.73;0.828;0.816;0.774;0.617;0.553;0.617;0.617;0.635;0.617;0.617;0.617;0.629;0.575;0.663;0.931;0.95;0.976;0.981;0.984;0.959;1.0;0.93;0.934;1.0;0.883;0.925;0.863;0.967;0.709;0.873;0.972;0.91;0.863;0.819;0.873;0.839;0.827;0.804;0.732;0.831;0.636;0.949;0.994;0.874;0.382;0.939;0.949;0.978;0.981;0.946;0.946;0.981;0.981;0.931;0.381;0.213;0.11;0.978;0.927;0.927;0.164;0.981;0.981;0.569;0.602;0.534;0.605;0.583;0.572;0.602;0.594;0.669;0.608;0.625;0.626;0.634;0.653;0.634;0.99;0.926;0.774;0.828;0.753;0.845;0.865;0.861;0.782;0.901;0.852;0.571;0.605;0.0;0.602;0.571;0.988;0.988;0.966;0.931;0.962;0.324;0.247;0.338;0.14;0.966;0.685;0.644;0.64;0.07;0.685
ENSCAFT00000064988_98;0.911;0.845;0.903;0.905;0.868;0.718;0.621;0.718;0.706;0.664;0.541;0.478;0.541;0.541;0.55;0.541;0.541;0.541;0.55;0.497;0.584;0.862;0.838;0.911;0.905;0.902;0.892;0.883;0.877;0.828;0.883;1.0;0.819;0.758;0.892;0.768;0.986;0.914;0.853;0.811;0.742;0.768;0.733;0.798;0.784;0.711;0.925;0.565;0.851;0.895;0.778;0.289;0.935;0.851;0.907;0.904;0.841;0.841;0.904;0.904;0.861;0.311;0.228;0.138;0.907;0.864;0.864;0.176;0.904;0.904;0.5;0.533;0.465;0.535;0.512;0.502;0.533;0.509;0.578;0.533;0.548;0.541;0.557;0.566;0.557;0.889;0.839;0.665;0.719;0.68;0.752;0.775;0.801;0.69;0.808;0.763;0.502;0.535;0.0;0.533;0.502;0.889;0.889;0.891;0.828;0.894;0.255;0.233;0.244;0.15;0.891;0.593;0.557;0.554;0.123;0.593
ENSCAFT00000071901_98;0.945;0.913;0.954;0.994;0.958;0.809;0.715;0.809;0.797;0.757;0.705;0.641;0.705;0.705;0.688;0.705;0.705;0.705;0.732;0.677;0.765;0.895;0.911;0.938;0.943;0.946;0.955;0.925;0.863;0.865;0.925;0.819;1.0;0.798;0.945;0.683;0.852;0.944;0.965;0.917;0.874;0.929;0.897;0.842;0.851;0.762;0.78;0.598;0.919;0.963;0.848;0.371;0.909;0.919;0.948;0.951;0.916;0.916;0.951;0.951;0.903;0.371;0.206;0.108;0.948;0.899;0.899;0.16;0.951;0.951;0.662;0.697;0.593;0.693;0.64;0.659;0.697;0.646;0.624;0.695;0.671;0.678;0.724;0.707;0.724;0.924;0.992;0.757;0.809;0.736;0.883;0.882;0.878;0.82;0.918;0.869;0.659;0.693;0.02;0.696;0.659;0.958;0.958;0.936;0.901;0.933;0.316;0.241;0.329;0.135;0.936;0.638;0.689;0.693;0.16;0.638
ENSCAFT00000083114_98;0.845;0.836;0.853;0.877;0.84;0.735;0.637;0.735;0.723;0.68;0.63;0.563;0.63;0.63;0.649;0.63;0.63;0.63;0.634;0.578;0.668;0.801;0.843;0.846;0.851;0.853;0.832;0.863;0.805;0.832;0.863;0.758;0.798;1.0;0.828;0.589;0.733;0.843;0.784;0.738;0.688;0.76;0.724;0.689;0.677;0.603;0.697;0.519;0.832;0.877;0.997;0.435;0.822;0.832;0.849;0.853;0.843;0.843;0.853;0.853;0.803;0.413;0.246;0.109;0.851;0.8;0.8;0.188;0.853;0.853;0.583;0.616;0.545;0.619;0.597;0.585;0.616;0.604;0.683;0.621;0.639;0.64;0.643;0.664;0.643;0.873;0.799;0.681;0.735;0.66;0.743;0.766;0.74;0.679;0.798;0.754;0.585;0.619;0.0;0.617;0.585;0.871;0.871;0.836;0.825;0.832;0.35;0.263;0.389;0.162;0.836;0.699;0.656;0.654;0.052;0.699
ENSCAFT00000018974_98;0.98;0.921;0.955;0.976;0.956;0.859;0.748;0.859;0.847;0.802;0.714;0.652;0.714;0.714;0.691;0.714;0.714;0.714;0.718;0.667;0.738;0.897;0.909;0.978;0.956;0.942;0.962;0.967;0.946;0.903;0.967;0.892;0.945;0.828;1.0;0.659;0.899;0.99;0.968;0.908;0.868;0.895;0.873;0.822;0.811;0.738;0.846;0.631;0.917;0.965;0.839;0.382;0.904;0.917;0.938;0.96;0.927;0.92;0.96;0.953;0.9;0.384;0.197;0.098;0.975;0.915;0.907;0.169;0.96;0.96;0.668;0.689;0.63;0.692;0.675;0.671;0.689;0.651;0.696;0.701;0.708;0.677;0.728;0.705;0.728;0.94;0.933;0.8;0.857;0.778;0.881;0.9;0.924;0.833;0.904;0.894;0.671;0.692;0.0;0.689;0.671;0.965;0.965;0.949;0.915;0.941;0.338;0.254;0.372;0.131;0.949;0.713;0.696;0.695;0.117;0.713
ENSCAFT00000068746_98;0.653;0.693;0.669;0.721;0.702;0.748;0.631;0.748;0.736;0.688;0.254;0.272;0.254;0.254;0.263;0.254;0.254;0.254;0.267;0.217;0.283;0.625;0.695;0.648;0.662;0.672;0.646;0.709;0.654;0.668;0.709;0.768;0.683;0.589;0.659;1.0;0.732;0.696;0.631;0.595;0.538;0.627;0.69;0.605;0.601;0.631;0.68;0.724;0.668;0.717;0.587;0.221;0.763;0.668;0.679;0.668;0.691;0.692;0.668;0.669;0.631;0.138;0.292;0.0;0.659;0.621;0.622;0.036;0.668;0.668;0.245;0.262;0.203;0.263;0.248;0.247;0.262;0.233;0.265;0.247;0.25;0.257;0.26;0.27;0.26;0.716;0.643;0.687;0.748;0.818;0.585;0.599;0.577;0.615;0.599;0.594;0.247;0.263;0.0;0.262;0.247;0.724;0.724;0.654;0.677;0.664;0.029;0.029;0.099;0.196;0.654;0.274;0.266;0.265;0.0;0.274
ENSCAFT00000077250_98;0.872;0.841;0.847;0.879;0.859;0.746;0.637;0.746;0.734;0.689;0.581;0.519;0.581;0.581;0.557;0.581;0.581;0.581;0.587;0.536;0.607;0.818;0.803;0.873;0.851;0.836;0.857;0.873;0.851;0.808;0.873;0.986;0.852;0.733;0.899;0.732;1.0;0.895;0.86;0.828;0.756;0.781;0.758;0.791;0.78;0.704;0.923;0.558;0.82;0.867;0.742;0.286;0.909;0.82;0.857;0.852;0.819;0.811;0.852;0.845;0.819;0.294;0.221;0.111;0.867;0.833;0.826;0.192;0.852;0.852;0.545;0.566;0.506;0.568;0.551;0.547;0.566;0.519;0.561;0.57;0.576;0.546;0.593;0.57;0.593;0.847;0.844;0.689;0.745;0.719;0.776;0.793;0.818;0.728;0.796;0.788;0.547;0.568;0.0;0.566;0.547;0.867;0.867;0.839;0.805;0.859;0.231;0.201;0.263;0.146;0.839;0.576;0.561;0.56;0.141;0.576
ENSCAFT00020022101_98;0.998;0.926;0.99;0.994;0.958;0.822;0.726;0.822;0.809;0.768;0.716;0.646;0.716;0.716;0.715;0.716;0.716;0.716;0.721;0.663;0.76;0.942;0.924;0.996;0.991;0.988;0.987;0.972;0.962;0.913;0.972;0.914;0.944;0.843;0.99;0.696;0.895;1.0;0.97;0.921;0.865;0.892;0.855;0.862;0.853;0.774;0.857;0.625;0.94;0.984;0.865;0.378;0.929;0.94;0.988;0.99;0.927;0.927;0.99;0.99;0.941;0.394;0.209;0.125;0.994;0.945;0.945;0.161;0.99;0.99;0.658;0.697;0.611;0.698;0.662;0.659;0.697;0.668;0.71;0.705;0.709;0.703;0.734;0.733;0.734;0.98;0.965;0.769;0.822;0.748;0.862;0.879;0.906;0.798;0.915;0.867;0.659;0.698;0.0;0.697;0.659;0.979;0.979;0.978;0.914;0.974;0.338;0.262;0.332;0.137;0.978;0.727;0.721;0.72;0.118;0.727
ENSCAFT00020025982_98;0.96;0.876;0.949;0.977;0.951;0.865;0.75;0.865;0.853;0.807;0.754;0.684;0.754;0.754;0.72;0.754;0.754;0.754;0.782;0.736;0.804;0.884;0.87;0.951;0.939;0.933;0.962;0.91;0.898;0.851;0.91;0.853;0.965;0.784;0.968;0.631;0.86;0.97;1.0;0.948;0.942;0.923;0.868;0.881;0.886;0.8;0.832;0.595;0.901;0.944;0.829;0.37;0.889;0.901;0.93;0.95;0.885;0.879;0.95;0.944;0.895;0.408;0.186;0.136;0.956;0.9;0.894;0.18;0.95;0.95;0.716;0.739;0.675;0.739;0.716;0.716;0.739;0.683;0.672;0.746;0.746;0.712;0.772;0.738;0.772;0.893;0.986;0.809;0.866;0.774;0.918;0.905;0.94;0.851;0.923;0.906;0.716;0.738;0.0;0.738;0.716;0.939;0.939;0.934;0.869;0.927;0.368;0.287;0.366;0.122;0.934;0.685;0.726;0.726;0.19;0.685
ENSCAFT00020025986_98;0.904;0.846;0.893;0.926;0.899;0.799;0.684;0.799;0.786;0.741;0.749;0.679;0.749;0.749;0.715;0.749;0.749;0.749;0.773;0.727;0.796;0.934;0.816;0.897;0.884;0.879;0.908;0.863;0.851;0.887;0.863;0.811;0.917;0.738;0.908;0.595;0.828;0.921;0.948;1.0;0.885;0.866;0.811;0.845;0.85;0.764;0.795;0.535;0.94;0.9;0.784;0.321;0.852;0.94;0.901;0.895;0.83;0.824;0.895;0.889;0.948;0.431;0.147;0.144;0.9;0.953;0.946;0.191;0.895;0.895;0.713;0.736;0.671;0.736;0.713;0.713;0.736;0.677;0.667;0.741;0.741;0.707;0.768;0.733;0.768;0.847;0.939;0.744;0.801;0.727;0.861;0.847;0.883;0.793;0.866;0.849;0.713;0.736;0.0;0.736;0.713;0.889;0.889;0.905;0.839;0.924;0.369;0.284;0.367;0.082;0.905;0.679;0.721;0.721;0.197;0.679
ENSCAFT00020032129_98;0.858;0.783;0.858;0.866;0.848;0.764;0.642;0.764;0.752;0.69;0.752;0.679;0.752;0.752;0.71;0.752;0.752;0.752;0.77;0.736;0.787;0.782;0.78;0.847;0.838;0.838;0.868;0.819;0.791;0.756;0.819;0.742;0.874;0.688;0.868;0.538;0.756;0.865;0.942;0.885;1.0;0.836;0.747;0.848;0.859;0.767;0.787;0.576;0.796;0.841;0.724;0.393;0.783;0.796;0.837;0.856;0.796;0.791;0.856;0.851;0.799;0.435;0.193;0.141;0.856;0.799;0.793;0.188;0.856;0.856;0.717;0.734;0.671;0.725;0.708;0.708;0.734;0.676;0.647;0.746;0.736;0.705;0.766;0.724;0.766;0.778;0.889;0.694;0.766;0.658;0.905;0.867;0.924;0.845;0.857;0.887;0.707;0.724;0.0;0.734;0.707;0.837;0.837;0.837;0.778;0.827;0.387;0.303;0.391;0.129;0.837;0.656;0.711;0.714;0.188;0.656
ENSCAFT00020032133_98;0.885;0.897;0.885;0.928;0.909;0.768;0.679;0.768;0.756;0.73;0.671;0.599;0.671;0.671;0.644;0.671;0.671;0.671;0.715;0.68;0.708;0.814;0.897;0.864;0.871;0.871;0.895;0.873;0.817;0.833;0.873;0.768;0.929;0.76;0.895;0.627;0.781;0.892;0.923;0.866;0.836;1.0;0.878;0.791;0.802;0.709;0.707;0.579;0.861;0.906;0.784;0.393;0.848;0.861;0.863;0.883;0.91;0.905;0.883;0.878;0.824;0.379;0.185;0.091;0.883;0.824;0.82;0.193;0.883;0.883;0.66;0.656;0.614;0.647;0.651;0.651;0.656;0.618;0.588;0.674;0.664;0.647;0.686;0.658;0.686;0.857;0.929;0.733;0.771;0.697;0.895;0.88;0.843;0.847;0.911;0.875;0.65;0.646;0.0;0.656;0.65;0.925;0.925;0.864;0.89;0.855;0.332;0.249;0.403;0.133;0.864;0.59;0.645;0.648;0.119;0.59
ENSCAFT00020032136_98;0.839;0.879;0.839;0.892;0.873;0.836;0.743;0.836;0.823;0.796;0.599;0.652;0.599;0.599;0.57;0.599;0.599;0.599;0.628;0.583;0.645;0.768;0.879;0.819;0.827;0.827;0.851;0.839;0.782;0.796;0.839;0.733;0.897;0.724;0.873;0.69;0.758;0.855;0.868;0.811;0.747;0.878;1.0;0.732;0.743;0.65;0.648;0.635;0.821;0.869;0.744;0.426;0.808;0.821;0.818;0.837;0.892;0.887;0.837;0.833;0.778;0.303;0.218;0.014;0.837;0.778;0.772;0.131;0.837;0.837;0.575;0.592;0.528;0.583;0.565;0.565;0.592;0.535;0.506;0.594;0.584;0.565;0.614;0.584;0.614;0.823;0.897;0.75;0.789;0.788;0.867;0.867;0.818;0.925;0.879;0.849;0.564;0.582;0.0;0.591;0.564;0.893;0.893;0.819;0.872;0.808;0.256;0.172;0.345;0.145;0.819;0.514;0.571;0.574;0.109;0.514
ENSCAFT00020034687_98;0.84;0.784;0.834;0.857;0.831;0.77;0.693;0.77;0.757;0.751;0.578;0.508;0.578;0.578;0.54;0.578;0.578;0.578;0.591;0.546;0.608;0.788;0.742;0.805;0.824;0.806;0.843;0.827;0.794;0.758;0.827;0.798;0.842;0.689;0.822;0.605;0.791;0.862;0.881;0.845;0.848;0.791;0.732;1.0;0.947;0.893;0.782;0.622;0.79;0.839;0.715;0.368;0.824;0.79;0.836;0.829;0.762;0.757;0.829;0.824;0.792;0.345;0.225;0.161;0.841;0.804;0.799;0.206;0.829;0.829;0.544;0.561;0.517;0.573;0.559;0.555;0.561;0.506;0.528;0.569;0.587;0.532;0.589;0.55;0.589;0.78;0.804;0.756;0.775;0.718;0.77;0.782;0.831;0.701;0.77;0.786;0.554;0.573;0.0;0.561;0.554;0.836;0.836;0.817;0.749;0.834;0.352;0.282;0.271;0.149;0.817;0.54;0.551;0.542;0.198;0.54
ENSCAFT00020034697_98;0.829;0.772;0.823;0.854;0.827;0.758;0.68;0.758;0.744;0.738;0.61;0.539;0.61;0.61;0.573;0.61;0.61;0.61;0.627;0.583;0.639;0.777;0.732;0.794;0.812;0.795;0.833;0.804;0.781;0.745;0.804;0.784;0.851;0.677;0.811;0.601;0.78;0.853;0.886;0.85;0.859;0.802;0.743;0.947;1.0;0.866;0.76;0.608;0.778;0.828;0.705;0.361;0.811;0.778;0.824;0.818;0.752;0.746;0.818;0.812;0.781;0.344;0.218;0.161;0.83;0.793;0.788;0.205;0.818;0.818;0.591;0.603;0.524;0.585;0.566;0.573;0.603;0.543;0.504;0.6;0.574;0.564;0.621;0.584;0.621;0.756;0.826;0.744;0.762;0.706;0.78;0.768;0.815;0.712;0.756;0.771;0.572;0.584;0.012;0.602;0.572;0.824;0.824;0.805;0.738;0.823;0.351;0.282;0.27;0.147;0.805;0.514;0.561;0.575;0.238;0.514
ENSCAFT00020034698_98;0.752;0.694;0.746;0.768;0.748;0.75;0.669;0.75;0.736;0.73;0.503;0.433;0.503;0.503;0.464;0.503;0.503;0.503;0.502;0.457;0.519;0.702;0.657;0.722;0.738;0.722;0.76;0.732;0.709;0.673;0.732;0.711;0.762;0.603;0.738;0.631;0.704;0.774;0.8;0.764;0.767;0.709;0.65;0.893;0.866;1.0;0.728;0.676;0.702;0.752;0.627;0.275;0.74;0.702;0.756;0.741;0.674;0.678;0.741;0.746;0.704;0.299;0.248;0.179;0.753;0.716;0.72;0.131;0.741;0.741;0.474;0.491;0.445;0.502;0.487;0.483;0.491;0.429;0.423;0.495;0.51;0.456;0.512;0.472;0.512;0.701;0.732;0.764;0.782;0.754;0.695;0.703;0.752;0.625;0.691;0.707;0.483;0.501;0.0;0.49;0.483;0.744;0.744;0.738;0.669;0.744;0.259;0.233;0.182;0.164;0.738;0.433;0.473;0.466;0.244;0.433
ENSCAFT00020034699_98;0.839;0.776;0.827;0.839;0.82;0.787;0.658;0.787;0.773;0.716;0.51;0.44;0.51;0.51;0.518;0.51;0.51;0.51;0.511;0.468;0.529;0.78;0.745;0.843;0.817;0.81;0.803;0.831;0.815;0.769;0.831;0.925;0.78;0.697;0.846;0.68;0.923;0.857;0.832;0.795;0.787;0.707;0.648;0.782;0.76;0.728;1.0;0.589;0.78;0.83;0.704;0.283;0.877;0.78;0.83;0.824;0.756;0.752;0.824;0.819;0.787;0.332;0.233;0.166;0.836;0.798;0.793;0.19;0.824;0.824;0.48;0.498;0.452;0.508;0.494;0.49;0.498;0.482;0.565;0.501;0.516;0.508;0.52;0.528;0.52;0.802;0.738;0.723;0.792;0.734;0.735;0.758;0.807;0.665;0.746;0.762;0.49;0.508;0.0;0.498;0.49;0.826;0.826;0.811;0.744;0.829;0.264;0.233;0.256;0.154;0.811;0.579;0.529;0.52;0.143;0.579
ENSCAFT00020034705_98;0.596;0.627;0.604;0.65;0.669;0.853;0.767;0.853;0.837;0.834;0.211;0.228;0.211;0.211;0.229;0.211;0.211;0.211;0.223;0.178;0.236;0.534;0.65;0.588;0.597;0.607;0.573;0.636;0.584;0.594;0.636;0.565;0.598;0.519;0.631;0.724;0.558;0.625;0.595;0.535;0.576;0.579;0.635;0.622;0.608;0.676;0.589;1.0;0.593;0.644;0.516;0.328;0.604;0.593;0.591;0.602;0.645;0.649;0.602;0.606;0.538;0.12;0.326;0.0;0.596;0.533;0.536;0.0;0.602;0.602;0.206;0.219;0.169;0.224;0.211;0.21;0.219;0.201;0.247;0.206;0.212;0.223;0.216;0.234;0.216;0.649;0.542;0.816;0.835;0.834;0.57;0.588;0.566;0.613;0.575;0.592;0.209;0.224;0.0;0.219;0.209;0.669;0.669;0.59;0.633;0.573;0.088;0.054;0.098;0.217;0.59;0.256;0.234;0.23;0.0;0.256
ENST00000317304_98;0.933;0.905;0.942;0.949;0.913;0.772;0.677;0.772;0.76;0.721;0.691;0.616;0.691;0.691;0.7;0.691;0.691;0.691;0.669;0.612;0.711;0.979;0.916;0.927;0.937;0.943;0.92;0.949;0.901;1.0;0.949;0.851;0.919;0.832;0.917;0.668;0.82;0.94;0.901;0.94;0.796;0.861;0.821;0.79;0.778;0.702;0.78;0.593;1.0;0.952;0.832;0.334;0.897;1.0;0.936;0.94;0.913;0.913;0.94;0.94;0.983;0.394;0.168;0.104;0.933;0.976;0.976;0.174;0.94;0.94;0.629;0.669;0.582;0.673;0.635;0.632;0.669;0.652;0.706;0.678;0.685;0.688;0.705;0.715;0.705;0.95;0.886;0.722;0.773;0.7;0.817;0.838;0.828;0.751;0.873;0.827;0.632;0.673;0.0;0.669;0.632;0.944;0.944;0.955;0.927;0.952;0.333;0.251;0.36;0.094;0.955;0.724;0.706;0.705;0.06;0.724
ENST00000327619_98;0.978;0.951;0.988;0.994;0.958;0.824;0.728;0.824;0.811;0.772;0.682;0.608;0.682;0.682;0.69;0.682;0.682;0.682;0.664;0.607;0.705;0.936;0.961;0.971;0.982;0.988;0.964;0.994;0.946;0.954;0.994;0.895;0.963;0.877;0.965;0.717;0.867;0.984;0.944;0.9;0.841;0.906;0.869;0.839;0.828;0.752;0.83;0.644;0.952;1.0;0.88;0.382;0.944;0.952;0.982;0.984;0.958;0.958;0.984;0.984;0.939;0.377;0.214;0.1;0.978;0.932;0.932;0.168;0.984;0.984;0.62;0.661;0.574;0.664;0.627;0.623;0.661;0.643;0.695;0.669;0.676;0.678;0.696;0.705;0.696;0.996;0.929;0.772;0.823;0.751;0.861;0.883;0.873;0.795;0.92;0.872;0.623;0.664;0.0;0.661;0.623;0.99;0.99;0.974;0.948;0.971;0.319;0.24;0.345;0.14;0.974;0.712;0.696;0.695;0.06;0.712
ENST00000357410_98;0.859;0.831;0.868;0.875;0.837;0.729;0.633;0.729;0.716;0.676;0.707;0.631;0.707;0.707;0.718;0.707;0.707;0.707;0.683;0.624;0.725;0.818;0.841;0.855;0.863;0.869;0.848;0.874;0.828;0.835;0.874;0.778;0.848;0.997;0.839;0.587;0.742;0.865;0.829;0.784;0.724;0.784;0.744;0.715;0.705;0.627;0.704;0.516;0.832;0.88;1.0;0.434;0.825;0.832;0.865;0.868;0.84;0.84;0.868;0.868;0.822;0.424;0.243;0.112;0.863;0.817;0.817;0.189;0.868;0.868;0.644;0.685;0.597;0.69;0.652;0.648;0.685;0.668;0.728;0.695;0.703;0.705;0.718;0.73;0.718;0.873;0.816;0.677;0.729;0.656;0.75;0.768;0.76;0.683;0.801;0.758;0.648;0.69;0.0;0.686;0.648;0.868;0.868;0.855;0.827;0.851;0.359;0.271;0.39;0.159;0.855;0.744;0.723;0.721;0.061;0.744
ENST00000458636_98;0.378;0.393;0.381;0.385;0.37;0.347;0.387;0.347;0.351;0.37;0.367;0.405;0.367;0.367;0.376;0.367;0.367;0.367;0.369;0.306;0.465;0.326;0.396;0.371;0.376;0.378;0.369;0.382;0.34;0.335;0.382;0.289;0.371;0.435;0.382;0.221;0.286;0.378;0.37;0.321;0.393;0.393;0.426;0.368;0.361;0.275;0.283;0.328;0.334;0.382;0.434;1.0;0.327;0.334;0.377;0.38;0.398;0.398;0.38;0.38;0.329;0.273;0.429;0.0;0.378;0.327;0.327;0.176;0.38;0.38;0.36;0.453;0.304;0.457;0.367;0.363;0.453;0.328;0.396;0.369;0.376;0.378;0.369;0.378;0.369;0.37;0.347;0.333;0.312;0.283;0.403;0.413;0.4;0.435;0.419;0.408;0.363;0.456;0.0;0.452;0.363;0.392;0.392;0.363;0.381;0.36;0.389;0.235;0.386;0.364;0.363;0.395;0.378;0.377;0.0;0.395
ENST00000497062_98;0.923;0.901;0.932;0.939;0.902;0.758;0.663;0.758;0.746;0.706;0.602;0.527;0.602;0.602;0.609;0.602;0.602;0.602;0.587;0.53;0.628;0.887;0.905;0.917;0.927;0.933;0.909;0.939;0.89;0.899;0.939;0.935;0.909;0.822;0.904;0.763;0.909;0.929;0.889;0.852;0.783;0.848;0.808;0.824;0.811;0.74;0.877;0.604;0.897;0.944;0.825;0.327;1.0;0.897;0.933;0.929;0.901;0.901;0.929;0.929;0.889;0.326;0.226;0.106;0.923;0.883;0.883;0.177;0.929;0.929;0.547;0.589;0.501;0.592;0.553;0.55;0.589;0.563;0.613;0.59;0.596;0.598;0.614;0.622;0.614;0.939;0.875;0.703;0.754;0.736;0.804;0.826;0.816;0.738;0.861;0.815;0.55;0.592;0.0;0.589;0.55;0.933;0.933;0.919;0.891;0.922;0.263;0.194;0.288;0.147;0.919;0.629;0.613;0.613;0.067;0.629
