;ENSCAFT00000024046_90_90;ENST00000295987_90_90;ENST00000340666_90_90;ENST00000639776_90_90;ENST00000640721_90_90;ENSMUST00000081893_90_90;ENSMUST00000115345_90_90
ENSCAFT00000024046_90_90;1.0;1.0;0.889;0.111;0.222;1.0;0.9
ENST00000295987_90_90;1.0;1.0;0.733;0.062;0.267;1.0;0.733
ENST00000340666_90_90;0.889;0.733;1.0;0.083;0.25;0.733;1.0
ENST00000639776_90_90;0.111;0.062;0.083;1.0;0.0;0.067;0.091
ENST00000640721_90_90;0.222;0.267;0.25;0.0;1.0;0.267;0.25
ENSMUST00000081893_90_90;1.0;1.0;0.733;0.067;0.267;1.0;0.75
ENSMUST00000115345_90_90;0.9;0.733;1.0;0.091;0.25;0.75;1.0
