;transcript22_ENSPEMG00000024651;transcript22_ENSNGAG00000018584;transcript22_ENSSTOG00000019743;transcript2_ENSNGAG00000018584;transcript2_ENSSTOG00000019743;transcript2_ENSLAFG00000030854;transcript27_ENSSTOG00000019743
transcript22_ENSPEMG00000024651;1.0;0.844;0.905;0.829;0.88;0.904;0.884
transcript22_ENSNGAG00000018584;0.844;1.0;0.854;0.968;0.83;0.792;0.834
transcript22_ENSSTOG00000019743;0.905;0.854;1.0;0.838;0.97;0.852;0.975
transcript2_ENSNGAG00000018584;0.829;0.968;0.838;1.0;0.858;0.818;0.862
transcript2_ENSSTOG00000019743;0.88;0.83;0.97;0.858;1.0;0.878;0.995
transcript2_ENSLAFG00000030854;0.904;0.792;0.852;0.818;0.878;1.0;0.873
transcript27_ENSSTOG00000019743;0.884;0.834;0.975;0.862;0.995;0.873;1.0
