;transcript26_ENSNGAG00000018584;transcript33_ENSNGAG00000018584;transcript34_ENSNGAG00000018584;transcript35_ENSNGAG00000018584;transcript27_ENSSTOG00000019743;transcript22_ENSCCNG00000000226;transcript35_ENSCCNG00000000226;transcript21_ENSCPOG00000024843
transcript26_ENSNGAG00000018584;1.0;0.982;0.9;0.735;0.554;0.472;0.423;0.652
transcript33_ENSNGAG00000018584;0.982;1.0;0.916;0.749;0.561;0.464;0.415;0.64
transcript34_ENSNGAG00000018584;0.9;0.916;1.0;0.665;0.533;0.405;0.441;0.586
transcript35_ENSNGAG00000018584;0.735;0.749;0.665;1.0;0.458;0.345;0.29;0.479
transcript27_ENSSTOG00000019743;0.554;0.561;0.533;0.458;1.0;0.573;0.524;0.81
transcript22_ENSCCNG00000000226;0.472;0.464;0.405;0.345;0.573;1.0;0.893;0.693
transcript35_ENSCCNG00000000226;0.423;0.415;0.441;0.29;0.524;0.893;1.0;0.619
transcript21_ENSCPOG00000024843;0.652;0.64;0.586;0.479;0.81;0.693;0.619;1.0
