;ENSCAFT00000031572_90_90;ENST00000234677_90_90;ENST00000369923_90_90;ENSMUST00000090553_90_90;ENSMUST00000102625_90_90;ENSMUST00000132467_90_90;ENSMUST00000153499_90_90
ENSCAFT00000031572_90_90;1.0;0.954;0.863;0.906;0.796;0.569;0.317
ENST00000234677_90_90;0.954;1.0;0.902;0.953;0.833;0.615;0.363
ENST00000369923_90_90;0.863;0.902;1.0;0.862;0.925;0.559;0.328
ENSMUST00000090553_90_90;0.906;0.953;0.862;1.0;0.862;0.644;0.383
ENSMUST00000102625_90_90;0.796;0.833;0.925;0.862;1.0;0.559;0.328
ENSMUST00000132467_90_90;0.569;0.615;0.559;0.644;0.559;1.0;0.599
ENSMUST00000153499_90_90;0.317;0.363;0.328;0.383;0.328;0.599;1.0
