;ENSCAFT00000007841_90_90;ENST00000277575_90_90;ENST00000379237_90_90;ENST00000609104_90_90;ENST00000609853_90_90;ENSMUST00000042503_90_90;ENSMUST00000114937_90_90
ENSCAFT00000007841_90_90;1.0;0.909;0.909;1.0;0.0;0.9;1.0
ENST00000277575_90_90;0.909;1.0;0.765;0.812;0.0;0.917;0.833
ENST00000379237_90_90;0.909;0.765;1.0;0.812;0.125;0.917;0.833
ENST00000609104_90_90;1.0;0.812;0.812;1.0;0.0;0.769;1.0
ENST00000609853_90_90;0.0;0.0;0.125;0.0;1.0;0.083;0.0
ENSMUST00000042503_90_90;0.9;0.917;0.917;0.769;0.083;1.0;0.786
ENSMUST00000114937_90_90;1.0;0.833;0.833;1.0;0.0;0.786;1.0
