;transcript8_ENSMPUG00000020072;transcript8_ENSECAG00000007947;transcript33_ENSECAG00000007947;transcript8_ENSMLUG00000027828;transcript13_ENSCCNG00000000226;transcript12_ENSCPOG00000024843;transcript27_ENSCPOG00000024843;transcript34_ENSCPOG00000024843;transcript8_ENSLAFG00000030854
transcript8_ENSMPUG00000020072;1.0;0.12;0.12;0.704;0.818;0.386;0.696;0.652;0.922
transcript8_ENSECAG00000007947;0.12;1.0;1.0;0.137;0.133;0.298;0.0;0.0;0.117
transcript33_ENSECAG00000007947;0.12;1.0;1.0;0.137;0.133;0.298;0.0;0.0;0.117
transcript8_ENSMLUG00000027828;0.704;0.137;0.137;1.0;0.672;0.496;0.587;0.536;0.757
transcript13_ENSCCNG00000000226;0.818;0.133;0.133;0.672;1.0;0.372;0.664;0.698;0.88
transcript12_ENSCPOG00000024843;0.386;0.298;0.298;0.496;0.372;1.0;0.304;0.249;0.393
transcript27_ENSCPOG00000024843;0.696;0.0;0.0;0.587;0.664;0.304;1.0;0.936;0.754
transcript34_ENSCPOG00000024843;0.652;0.0;0.0;0.536;0.698;0.249;0.936;1.0;0.706
transcript8_ENSLAFG00000030854;0.922;0.117;0.117;0.757;0.88;0.393;0.754;0.706;1.0
