;ENSCAFT00000020871_90_90;ENSCAFT00000046642_90_90;ENST00000307546_90_90;ENST00000369611_90_90;ENST00000369615_90_90;ENST00000369617_90_90;ENSMUST00000064371_90_90;ENSMUST00000121198_90_90;ENSMUST00000122303_90_90
ENSCAFT00000020871_90_90;1.0;0.868;0.871;0.489;0.489;0.532;0.531;0.893;0.531
ENSCAFT00000046642_90_90;0.868;1.0;0.963;0.559;0.559;0.541;0.567;0.928;0.567
ENST00000307546_90_90;0.871;0.963;1.0;0.543;0.543;0.526;0.562;0.973;0.562
ENST00000369611_90_90;0.489;0.559;0.543;1.0;1.0;0.917;0.955;0.562;0.955
ENST00000369615_90_90;0.489;0.559;0.543;1.0;1.0;0.917;0.955;0.562;0.955
ENST00000369617_90_90;0.532;0.541;0.526;0.917;0.917;1.0;1.0;0.587;1.0
ENSMUST00000064371_90_90;0.531;0.567;0.562;0.955;0.955;1.0;1.0;0.592;1.0
ENSMUST00000121198_90_90;0.893;0.928;0.973;0.562;0.562;0.587;0.592;1.0;0.592
ENSMUST00000122303_90_90;0.531;0.567;0.562;0.955;0.955;1.0;1.0;0.592;1.0
