;transcript9_ENSAPOG00000016134;transcript8_ENSAPOG00000023408;transcript24_ENSAPOG00000016134;transcript16_ENSAPOG00000016134;transcript16_ENSAPOG00000023408;transcript29_ENSAPOG00000016134;transcript16_ENSAOCG00000015695
transcript9_ENSAPOG00000016134;1.0;0.246;0.891;0.696;0.696;0.752;0.696
transcript8_ENSAPOG00000023408;0.246;1.0;0.218;0.17;0.17;0.185;0.17
transcript24_ENSAPOG00000016134;0.891;0.218;1.0;0.774;0.774;0.843;0.774
transcript16_ENSAPOG00000016134;0.696;0.17;0.774;1.0;1.0;0.917;1.0
transcript16_ENSAPOG00000023408;0.696;0.17;0.774;1.0;1.0;0.917;1.0
transcript29_ENSAPOG00000016134;0.752;0.185;0.843;0.917;0.917;1.0;0.917
transcript16_ENSAOCG00000015695;0.696;0.17;0.774;1.0;1.0;0.917;1.0
