;ENSCAFT00000007604_90_90;ENST00000307296_90_90;ENST00000412887_90_90;ENST00000413073_90_90;ENST00000430877_90_90;ENST00000435909_90_90;ENST00000457054_90_90;ENSMUST00000035086_90_90;ENSMUST00000111861_90_90
ENSCAFT00000007604_90_90;1.0;1.0;0.3;0.4;0.1;0.1;1.0;1.0;1.0
ENST00000307296_90_90;1.0;1.0;0.231;0.5;0.231;0.231;0.923;1.0;0.917
ENST00000412887_90_90;0.3;0.231;1.0;0.111;0.0;0.0;0.214;0.273;0.25
ENST00000413073_90_90;0.4;0.5;0.111;1.0;0.429;0.429;0.462;0.455;0.417
ENST00000430877_90_90;0.1;0.231;0.0;0.429;1.0;0.6;0.214;0.182;0.167
ENST00000435909_90_90;0.1;0.231;0.0;0.429;0.6;1.0;0.214;0.182;0.167
ENST00000457054_90_90;1.0;0.923;0.214;0.462;0.214;0.214;1.0;0.917;1.0
ENSMUST00000035086_90_90;1.0;1.0;0.273;0.455;0.182;0.182;0.917;1.0;0.929
ENSMUST00000111861_90_90;1.0;0.917;0.25;0.417;0.167;0.167;1.0;0.929;1.0
