;ENSCAFT00000004081_90_90;ENST00000320755_90_90;ENST00000357250_90_90;ENST00000370496_90_90;ENSMUST00000054588_90_90;ENSMUST00000088349_90_90
ENSCAFT00000004081_90_90;1.0;0.267;0.429;0.455;0.462;0.267
ENST00000320755_90_90;0.267;1.0;0.643;0.267;0.467;0.692
ENST00000357250_90_90;0.429;0.643;1.0;0.538;0.769;0.438
ENST00000370496_90_90;0.455;0.267;0.538;1.0;0.583;0.267
ENSMUST00000054588_90_90;0.462;0.467;0.769;0.583;1.0;0.571
ENSMUST00000088349_90_90;0.267;0.692;0.438;0.267;0.571;1.0
