;ENSCAFT00000014796_90_90;ENST00000330622_90_90;ENST00000427718_90_90;ENST00000548840_90_90;ENST00000550180_90_90;ENST00000622495_90_90;ENSMUST00000035579_90_90;ENSMUST00000201611_90_90;ENSMUST00000202447_90_90
ENSCAFT00000014796_90_90;1.0;0.987;0.86;0.331;0.808;0.995;0.997;0.809;0.989
ENST00000330622_90_90;0.987;1.0;0.855;0.342;0.803;0.989;0.987;0.801;0.998
ENST00000427718_90_90;0.86;0.855;1.0;0.381;0.845;0.865;0.863;0.843;0.854
ENST00000548840_90_90;0.331;0.342;0.381;1.0;0.283;0.331;0.331;0.283;0.342
ENST00000550180_90_90;0.808;0.803;0.845;0.283;1.0;0.812;0.811;0.998;0.801
ENST00000622495_90_90;0.995;0.989;0.865;0.331;0.812;1.0;0.998;0.811;0.987
ENSMUST00000035579_90_90;0.997;0.987;0.863;0.331;0.811;0.998;1.0;0.812;0.989
ENSMUST00000201611_90_90;0.809;0.801;0.843;0.283;0.998;0.811;0.812;1.0;0.803
ENSMUST00000202447_90_90;0.989;0.998;0.854;0.342;0.801;0.987;0.989;0.803;1.0
