;transcript5_ENSHGLG00100003156;transcript5_ENSHGLG00100006079;transcript5_ENSPCIG00000036398;transcript19_ENSHGLG00100003156;transcript16_ENSHGLG00100006079;transcript17_ENSHGLG00100006079;transcript18_ENSHGLG00100006079;transcript13_ENSMUNG00000002391
transcript5_ENSHGLG00100003156;1.0;0.819;0.845;0.994;0.545;0.546;0.74;1.0
transcript5_ENSHGLG00100006079;0.819;1.0;0.701;0.813;0.667;0.627;0.915;0.819
transcript5_ENSPCIG00000036398;0.845;0.701;1.0;0.839;0.422;0.615;0.621;0.845
transcript19_ENSHGLG00100003156;0.994;0.813;0.839;1.0;0.54;0.54;0.734;0.994
transcript16_ENSHGLG00100006079;0.545;0.667;0.422;0.54;1.0;0.295;0.583;0.545
transcript17_ENSHGLG00100006079;0.546;0.627;0.615;0.54;0.295;1.0;0.543;0.546
transcript18_ENSHGLG00100006079;0.74;0.915;0.621;0.734;0.583;0.543;1.0;0.74
transcript13_ENSMUNG00000002391;1.0;0.819;0.845;0.994;0.545;0.546;0.74;1.0
