;ENSCAFT00000020479_90_90;ENST00000318247_90_90;ENST00000356728_90_90;ENST00000638901_90_90;ENSMUST00000029795_90_90;ENSMUST00000197040_90_90;ENSMUST00000200009_90_90
ENSCAFT00000020479_90_90;1.0;0.75;0.707;0.142;0.882;0.627;0.456
ENST00000318247_90_90;0.75;1.0;0.726;0.041;0.71;0.696;0.447
ENST00000356728_90_90;0.707;0.726;1.0;0.0;0.616;0.744;0.617
ENST00000638901_90_90;0.142;0.041;0.0;1.0;0.195;0.0;0.0
ENSMUST00000029795_90_90;0.882;0.71;0.616;0.195;1.0;0.641;0.423
ENSMUST00000197040_90_90;0.627;0.696;0.744;0.0;0.641;1.0;0.503
ENSMUST00000200009_90_90;0.456;0.447;0.617;0.0;0.423;0.503;1.0
