;ENSCAFT00000009854_90_90;ENST00000228280_90_90;ENST00000347404_90_90;ENST00000357116_90_90;ENST00000552044_90_90;ENSMUST00000020129_90_90;ENSMUST00000105283_90_90;ENSMUST00000130190_90_90;ENSMUST00000218200_90_90
ENSCAFT00000009854_90_90;1.0;0.994;0.892;0.204;0.09;0.894;0.996;0.382;0.204
ENST00000228280_90_90;0.994;1.0;0.897;0.205;0.09;0.895;0.998;0.382;0.205
ENST00000347404_90_90;0.892;0.897;1.0;0.229;0.101;0.997;0.895;0.419;0.229
ENST00000357116_90_90;0.204;0.205;0.229;1.0;0.0;0.229;0.205;0.0;1.0
ENST00000552044_90_90;0.09;0.09;0.101;0.0;1.0;0.101;0.09;0.154;0.0
ENSMUST00000020129_90_90;0.894;0.895;0.997;0.229;0.101;1.0;0.897;0.421;0.229
ENSMUST00000105283_90_90;0.996;0.998;0.895;0.205;0.09;0.897;1.0;0.383;0.205
ENSMUST00000130190_90_90;0.382;0.382;0.419;0.0;0.154;0.421;0.383;1.0;0.0
ENSMUST00000218200_90_90;0.204;0.205;0.229;1.0;0.0;0.229;0.205;0.0;1.0
