;ENSCAFT00000014133_90_90;ENST00000351677_90_90;ENST00000392597_90_90;ENST00000530818_90_90;ENST00000635625_90_90;ENST00000635652_90_90;ENST00000639857_90_90;ENSMUST00000054547_90_90;ENSMUST00000100770_90_90
ENSCAFT00000014133_90_90;1.0;0.889;0.667;0.222;0.889;0.333;0.333;1.0;1.0
ENST00000351677_90_90;0.889;1.0;0.727;0.273;0.909;0.333;0.182;0.8;0.889
ENST00000392597_90_90;0.667;0.727;1.0;0.3;0.667;0.25;0.2;0.6;0.667
ENST00000530818_90_90;0.222;0.273;0.3;1.0;0.25;0.0;0.167;0.2;0.222
ENST00000635625_90_90;0.889;0.909;0.667;0.25;1.0;0.417;0.167;0.9;0.8
ENST00000635652_90_90;0.333;0.333;0.25;0.0;0.417;1.0;0.0;0.4;0.3
ENST00000639857_90_90;0.333;0.182;0.2;0.167;0.167;0.0;1.0;0.3;0.333
ENSMUST00000054547_90_90;1.0;0.8;0.6;0.2;0.9;0.4;0.3;1.0;0.909
ENSMUST00000100770_90_90;1.0;0.889;0.667;0.222;0.8;0.3;0.333;0.909;1.0
