;transcript8_ENSMPUG00000020072;transcript8_ENSECAG00000007947;transcript8_ENSMLUG00000027828;transcript8_ENSLAFG00000030854;transcript33_ENSECAG00000007947;transcript13_ENSCCNG00000000226;transcript12_ENSCPOG00000024843;transcript27_ENSCPOG00000024843;transcript34_ENSCPOG00000024843
transcript8_ENSMPUG00000020072;1.0;0.963;1.0;1.0;0.963;1.0;1.0;0.0;0.0
transcript8_ENSECAG00000007947;0.963;1.0;0.961;0.965;1.0;0.842;0.836;0.0;0.0
transcript8_ENSMLUG00000027828;1.0;0.961;1.0;1.0;0.961;1.0;1.0;0.0;0.0
transcript8_ENSLAFG00000030854;1.0;0.965;1.0;1.0;0.965;1.0;1.0;0.0;0.0
transcript33_ENSECAG00000007947;0.963;1.0;0.961;0.965;1.0;0.842;0.836;0.0;0.0
transcript13_ENSCCNG00000000226;1.0;0.842;1.0;1.0;0.842;1.0;0.586;0.8;0.8
transcript12_ENSCPOG00000024843;1.0;0.836;1.0;1.0;0.836;0.586;1.0;0.371;0.325
transcript27_ENSCPOG00000024843;0.0;0.0;0.0;0.0;0.0;0.8;0.371;1.0;0.975
transcript34_ENSCPOG00000024843;0.0;0.0;0.0;0.0;0.0;0.8;0.325;0.975;1.0
