transcripts;transcript52_ENSMUSG00000054036;transcript57_ENSMUSG00000054036;transcript64_ENSMUSG00000054036;transcript67_ENSMUSG00000054036;transcript9_MGP-CAROLIEiJ-G0020234;transcript52_MGP-CAROLIEiJ-G0020234;transcript62_MGP-CAROLIEiJ-G0020234;transcript63_MGP-CAROLIEiJ-G0020234;transcript7_MGP-PahariEiJ-G0020237;transcript9_MGP-PahariEiJ-G0020237;transcript48_MGP-PahariEiJ-G0020237;transcript8_ENSRNOG00000031503;transcript40_ENSRNOG00000031503;transcript49_ENSRNOG00000031503;transcript53_ENSRNOG00000031503;transcript54_ENSRNOG00000031503;transcript55_ENSRNOG00000031503;transcript41_ENSMUGG00000013649
transcript52_ENSMUSG00000054036;1.0;0.828;1.0;0.857;0.754;0.857;0.774;0.743;0.795;0.763;0.835;0.775;0.753;0.887;0.562;0.821;0.821;0.757
transcript57_ENSMUSG00000054036;0.828;1.0;0.828;0.966;0.667;0.709;0.64;0.658;0.941;0.896;0.98;0.921;0.896;0.747;0.706;0.975;0.975;0.914
transcript64_ENSMUSG00000054036;1.0;0.828;1.0;0.857;0.754;0.857;0.774;0.743;0.795;0.763;0.835;0.775;0.753;0.887;0.562;0.821;0.821;0.757
transcript67_ENSMUSG00000054036;0.857;0.966;0.857;1.0;0.688;0.735;0.663;0.679;0.935;0.89;0.975;0.897;0.873;0.771;0.682;0.95;0.95;0.883
transcript9_MGP-CAROLIEiJ-G0020234;0.754;0.667;0.754;0.688;1.0;0.862;0.778;0.988;0.642;0.766;0.679;0.706;0.733;0.832;0.731;0.652;0.652;0.752
transcript52_MGP-CAROLIEiJ-G0020234;0.857;0.709;0.857;0.735;0.862;1.0;0.903;0.85;0.683;0.661;0.724;0.662;0.644;0.758;0.631;0.701;0.701;0.649
transcript62_MGP-CAROLIEiJ-G0020234;0.774;0.64;0.774;0.663;0.778;0.903;1.0;0.766;0.681;0.596;0.653;0.596;0.58;0.683;0.559;0.632;0.632;0.586
transcript63_MGP-CAROLIEiJ-G0020234;0.743;0.658;0.743;0.679;0.988;0.85;0.766;1.0;0.633;0.757;0.67;0.697;0.724;0.822;0.738;0.643;0.643;0.743
transcript7_MGP-PahariEiJ-G0020237;0.795;0.941;0.795;0.935;0.642;0.683;0.681;0.633;1.0;0.876;0.96;0.865;0.842;0.716;0.659;0.916;0.916;0.86
transcript9_MGP-PahariEiJ-G0020237;0.763;0.896;0.763;0.89;0.766;0.661;0.596;0.757;0.876;1.0;0.913;0.928;0.955;0.831;0.774;0.874;0.874;0.982
transcript48_MGP-PahariEiJ-G0020237;0.835;0.98;0.835;0.975;0.679;0.724;0.653;0.67;0.96;0.913;1.0;0.902;0.878;0.752;0.695;0.956;0.956;0.896
transcript8_ENSRNOG00000031503;0.775;0.921;0.775;0.897;0.706;0.662;0.596;0.697;0.865;0.928;0.902;1.0;0.972;0.819;0.778;0.943;0.943;0.946
transcript40_ENSRNOG00000031503;0.753;0.896;0.753;0.873;0.733;0.644;0.58;0.724;0.842;0.955;0.878;0.972;1.0;0.847;0.806;0.917;0.917;0.973
transcript49_ENSRNOG00000031503;0.887;0.747;0.887;0.771;0.832;0.758;0.683;0.822;0.716;0.831;0.752;0.819;0.847;1.0;0.653;0.764;0.764;0.824
transcript53_ENSRNOG00000031503;0.562;0.706;0.562;0.682;0.731;0.631;0.559;0.738;0.659;0.774;0.695;0.778;0.806;0.653;1.0;0.722;0.722;0.784
transcript54_ENSRNOG00000031503;0.821;0.975;0.821;0.95;0.652;0.701;0.632;0.643;0.916;0.874;0.956;0.943;0.917;0.764;0.722;1.0;1.0;0.892
transcript55_ENSRNOG00000031503;0.821;0.975;0.821;0.95;0.652;0.701;0.632;0.643;0.916;0.874;0.956;0.943;0.917;0.764;0.722;1.0;1.0;0.892
transcript41_ENSMUGG00000013649;0.757;0.914;0.757;0.883;0.752;0.649;0.586;0.743;0.86;0.982;0.896;0.946;0.973;0.824;0.784;0.892;0.892;1.0
