;transcript8_ENSMLUG00000027828;transcript8_ENSMPUG00000020072;transcript8_ENSECAG00000007947;transcript8_ENSLAFG00000030854;transcript12_ENSCPOG00000024843;transcript13_ENSCCNG00000000226;transcript33_ENSECAG00000007947;transcript34_ENSCPOG00000024843;transcript27_ENSCPOG00000024843
transcript8_ENSMLUG00000027828;1.0;0.625;0.688;0.75;0.444;0.226;0.688;0.268;0.286
transcript8_ENSMPUG00000020072;0.625;1.0;0.812;0.875;0.519;0.264;0.812;0.317;0.333
transcript8_ENSECAG00000007947;0.688;0.812;1.0;0.938;0.556;0.283;1.0;0.341;0.357
transcript8_ENSLAFG00000030854;0.75;0.875;0.938;1.0;0.593;0.302;0.938;0.366;0.381
transcript12_ENSCPOG00000024843;0.444;0.519;0.556;0.593;1.0;0.509;0.556;0.634;0.643
transcript13_ENSCCNG00000000226;0.226;0.264;0.283;0.302;0.509;1.0;0.283;0.661;0.667
transcript33_ENSECAG00000007947;0.688;0.812;1.0;0.938;0.556;0.283;1.0;0.341;0.357
transcript34_ENSCPOG00000024843;0.268;0.317;0.341;0.366;0.634;0.661;0.341;1.0;0.952
transcript27_ENSCPOG00000024843;0.286;0.333;0.357;0.381;0.643;0.667;0.357;0.952;1.0
