;ENSCAFT00000007452_90_90;ENSCAFT00000018571_90_90;ENSCAFT00000021391_90_90;ENSCAFT00000021394_90_90;ENSCAFT00000021397_90_90;ENST00000227348_90_90;ENST00000533709_90_90;ENST00000252483_90_90;ENST00000252485_90_90;ENST00000585601_90_90;ENST00000591581_90_90;ENST00000592018_90_90;ENST00000331581_90_90;ENST00000452722_90_90;ENST00000536727_90_90;ENST00000537058_90_90;ENST00000540951_90_90;ENST00000542447_90_90;ENST00000542450_90_90;ENST00000543249_90_90;ENST00000543540_90_90;ENST00000545094_90_90;ENST00000545380_90_90;ENST00000612235_90_90;ENST00000616271_90_90;ENSMUST00000034519_90_90;ENSMUST00000180384_90_90;ENSMUST00000180872_90_90;ENSMUST00000188848_90_90;ENSMUST00000034581_90_90;ENSMUST00000085909_90_90;ENSMUST00000114547_90_90;ENSMUST00000114548_90_90;ENSMUST00000143026_90_90;ENSMUST00000152459_90_90;ENSMUST00000214542_90_90;ENSMUST00000075447_90_90;ENSMUST00000108450_90_90
ENSCAFT00000007452_90_90;1.0;0.628;0.473;0.491;0.476;0.549;0.371;0.999;0.649;0.052;0.351;0.1;0.499;0.46;0.465;0.472;0.0;0.425;0.169;0.153;0.115;0.168;0.425;0.383;0.49;0.233;0.231;0.243;0.23;0.427;0.474;0.462;0.439;0.368;0.501;0.0;0.999;0.643
ENSCAFT00000018571_90_90;0.628;1.0;0.668;0.732;0.707;0.71;0.535;0.623;0.699;0.065;0.492;0.0;0.707;0.652;0.655;0.671;0.0;0.601;0.271;0.214;0.192;0.238;0.603;0.571;0.732;0.309;0.306;0.353;0.304;0.601;0.671;0.653;0.62;0.512;0.707;0.0;0.616;0.696
ENSCAFT00000021391_90_90;0.473;0.668;1.0;0.807;0.861;0.735;0.293;0.46;0.508;0.0;0.279;0.0;0.942;0.955;0.892;0.979;0.093;0.903;0.246;0.351;0.175;0.374;0.899;0.727;0.888;0.479;0.491;0.42;0.489;0.904;0.979;0.955;0.928;0.799;0.942;0.099;0.454;0.505
ENSCAFT00000021394_90_90;0.491;0.732;0.807;1.0;0.882;0.765;0.336;0.485;0.538;0.0;0.302;0.0;0.871;0.81;0.812;0.833;0.0;0.75;0.269;0.397;0.192;0.423;0.753;0.733;0.914;0.387;0.399;0.463;0.397;0.746;0.828;0.805;0.769;0.649;0.866;0.0;0.477;0.534
ENSCAFT00000021397_90_90;0.476;0.707;0.861;0.882;1.0;0.674;0.291;0.469;0.521;0.0;0.28;0.0;0.845;0.901;0.795;0.879;0.0;0.847;0.278;0.409;0.198;0.436;0.85;0.839;0.968;0.397;0.409;0.476;0.407;0.841;0.873;0.894;0.821;0.735;0.84;0.0;0.461;0.516
ENST00000227348_90_90;0.549;0.71;0.735;0.765;0.674;1.0;0.427;0.54;0.566;0.065;0.37;0.0;0.779;0.719;0.724;0.739;0.055;0.664;0.234;0.372;0.168;0.399;0.664;0.536;0.698;0.444;0.458;0.437;0.455;0.665;0.74;0.72;0.685;0.58;0.779;0.056;0.532;0.558
ENST00000533709_90_90;0.371;0.535;0.293;0.336;0.291;0.427;1.0;0.372;0.393;0.126;0.804;0.0;0.337;0.278;0.281;0.298;0.0;0.221;0.0;0.0;0.0;0.0;0.221;0.145;0.317;0.0;0.0;0.0;0.0;0.221;0.298;0.278;0.241;0.136;0.337;0.0;0.378;0.4
ENST00000252483_90_90;0.999;0.623;0.46;0.485;0.469;0.54;0.372;1.0;0.519;0.049;0.336;0.099;0.485;0.446;0.451;0.459;0.0;0.412;0.166;0.15;0.116;0.164;0.413;0.375;0.483;0.216;0.215;0.237;0.213;0.414;0.461;0.448;0.426;0.356;0.487;0.0;1.0;0.515
ENST00000252485_90_90;0.649;0.699;0.508;0.538;0.521;0.566;0.393;0.519;1.0;0.117;0.438;0.0;0.537;0.494;0.499;0.507;0.0;0.456;0.186;0.166;0.13;0.183;0.457;0.418;0.538;0.24;0.238;0.266;0.237;0.456;0.507;0.494;0.469;0.391;0.537;0.0;0.515;1.0
ENST00000585601_90_90;0.052;0.065;0.0;0.0;0.0;0.065;0.126;0.049;0.117;1.0;0.118;0.0;0.0;0.0;0.0;0.0;0.0;0.0;0.0;0.0;0.0;0.0;0.0;0.0;0.0;0.0;0.0;0.0;0.0;0.0;0.0;0.0;0.0;0.0;0.0;0.0;0.05;0.12
ENST00000591581_90_90;0.351;0.492;0.279;0.302;0.28;0.37;0.804;0.336;0.438;0.118;1.0;0.0;0.316;0.262;0.269;0.279;0.0;0.215;0.0;0.0;0.0;0.0;0.216;0.149;0.3;0.0;0.0;0.0;0.0;0.216;0.279;0.262;0.232;0.138;0.316;0.0;0.341;0.45
ENST00000592018_90_90;0.1;0.0;0.0;0.0;0.0;0.0;0.0;0.099;0.0;0.0;0.0;1.0;0.0;0.0;0.0;0.0;0.0;0.0;0.0;0.0;0.0;0.0;0.0;0.0;0.0;0.0;0.0;0.0;0.0;0.0;0.0;0.0;0.0;0.0;0.0;0.0;0.101;0.0
ENST00000331581_90_90;0.499;0.707;0.942;0.871;0.845;0.779;0.337;0.485;0.537;0.0;0.316;0.0;1.0;0.938;0.941;0.962;0.083;0.879;0.235;0.329;0.168;0.362;0.875;0.692;0.873;0.36;0.369;0.403;0.368;0.879;0.962;0.938;0.902;0.778;1.0;0.086;0.48;0.535
ENST00000452722_90_90;0.46;0.652;0.955;0.81;0.901;0.719;0.278;0.446;0.494;0.0;0.262;0.0;0.938;1.0;0.879;0.976;0.088;0.937;0.25;0.35;0.179;0.386;0.933;0.736;0.884;0.378;0.387;0.429;0.385;0.937;0.976;1.0;0.914;0.828;0.938;0.092;0.441;0.49
ENST00000536727_90_90;0.465;0.655;0.892;0.812;0.795;0.724;0.281;0.451;0.499;0.0;0.269;0.0;0.941;0.879;1.0;0.902;0.088;0.935;0.25;0.349;0.178;0.385;0.931;0.734;0.814;0.377;0.387;0.428;0.385;0.935;0.902;0.879;0.959;0.826;0.941;0.092;0.446;0.496
ENST00000537058_90_90;0.472;0.671;0.979;0.833;0.879;0.739;0.298;0.459;0.507;0.0;0.279;0.0;0.962;0.976;0.902;1.0;0.086;0.914;0.244;0.342;0.174;0.376;0.91;0.718;0.908;0.371;0.381;0.419;0.379;0.914;1.0;0.976;0.938;0.808;0.962;0.09;0.453;0.504
ENST00000540951_90_90;0.0;0.0;0.093;0.0;0.0;0.055;0.0;0.0;0.0;0.0;0.0;0.0;0.083;0.088;0.088;0.086;1.0;0.094;0.0;0.0;0.0;0.0;0.09;0.0;0.0;0.17;0.168;0.0;0.168;0.094;0.086;0.089;0.092;0.1;0.083;0.754;0.0;0.0
ENST00000542447_90_90;0.425;0.601;0.903;0.75;0.847;0.664;0.221;0.412;0.456;0.0;0.215;0.0;0.879;0.937;0.935;0.914;0.094;1.0;0.267;0.372;0.191;0.411;0.996;0.784;0.822;0.396;0.406;0.458;0.404;1.0;0.914;0.937;0.974;0.882;0.879;0.098;0.406;0.452
ENST00000542450_90_90;0.169;0.271;0.246;0.269;0.278;0.234;0.0;0.166;0.186;0.0;0.0;0.0;0.235;0.25;0.25;0.244;0.0;0.267;1.0;0.239;0.714;0.303;0.268;0.32;0.269;0.291;0.286;0.582;0.287;0.267;0.244;0.25;0.26;0.286;0.235;0.0;0.151;0.171
ENST00000543249_90_90;0.153;0.214;0.351;0.397;0.409;0.372;0.0;0.15;0.166;0.0;0.0;0.0;0.329;0.35;0.349;0.342;0.0;0.372;0.239;1.0;0.275;0.789;0.373;0.44;0.374;0.302;0.315;0.59;0.313;0.385;0.353;0.361;0.375;0.412;0.34;0.0;0.144;0.161
ENST00000543540_90_90;0.115;0.192;0.175;0.192;0.198;0.168;0.0;0.116;0.13;0.0;0.0;0.0;0.168;0.179;0.178;0.174;0.0;0.191;0.714;0.275;1.0;0.352;0.192;0.228;0.192;0.207;0.204;0.414;0.204;0.191;0.174;0.179;0.186;0.204;0.168;0.0;0.108;0.123
ENST00000545094_90_90;0.168;0.238;0.374;0.423;0.436;0.399;0.0;0.164;0.183;0.0;0.0;0.0;0.362;0.386;0.385;0.376;0.0;0.411;0.303;0.789;0.352;1.0;0.413;0.49;0.413;0.353;0.367;0.636;0.365;0.411;0.376;0.386;0.401;0.44;0.362;0.0;0.158;0.177
ENST00000545380_90_90;0.425;0.603;0.899;0.753;0.85;0.664;0.221;0.413;0.457;0.0;0.216;0.0;0.875;0.933;0.931;0.91;0.09;0.996;0.268;0.373;0.192;0.413;1.0;0.787;0.825;0.393;0.403;0.46;0.401;0.996;0.91;0.933;0.97;0.879;0.875;0.094;0.406;0.452
ENST00000612235_90_90;0.383;0.571;0.727;0.733;0.839;0.536;0.145;0.375;0.418;0.0;0.149;0.0;0.692;0.736;0.734;0.718;0.0;0.784;0.32;0.44;0.228;0.49;0.787;1.0;0.789;0.347;0.358;0.568;0.356;0.806;0.737;0.755;0.785;0.863;0.709;0.0;0.366;0.41
ENST00000616271_90_90;0.49;0.732;0.888;0.914;0.968;0.698;0.317;0.483;0.538;0.0;0.3;0.0;0.873;0.884;0.814;0.908;0.0;0.822;0.269;0.374;0.192;0.413;0.825;0.789;1.0;0.303;0.312;0.462;0.311;0.822;0.908;0.884;0.846;0.719;0.873;0.0;0.476;0.533
ENSMUST00000034519_90_90;0.233;0.309;0.479;0.387;0.397;0.444;0.0;0.216;0.24;0.0;0.0;0.0;0.36;0.378;0.377;0.371;0.17;0.396;0.291;0.302;0.207;0.353;0.393;0.347;0.303;1.0;0.982;0.415;0.98;0.397;0.373;0.379;0.39;0.418;0.362;0.137;0.212;0.238
ENSMUST00000180384_90_90;0.231;0.306;0.491;0.399;0.409;0.458;0.0;0.215;0.238;0.0;0.0;0.0;0.369;0.387;0.387;0.381;0.168;0.406;0.286;0.315;0.204;0.367;0.403;0.358;0.312;0.982;1.0;0.432;0.997;0.407;0.382;0.389;0.4;0.428;0.371;0.135;0.211;0.237
ENSMUST00000180872_90_90;0.243;0.353;0.42;0.463;0.476;0.437;0.0;0.237;0.266;0.0;0.0;0.0;0.403;0.429;0.428;0.419;0.0;0.458;0.582;0.59;0.414;0.636;0.46;0.568;0.462;0.415;0.432;1.0;0.429;0.456;0.418;0.428;0.445;0.488;0.402;0.0;0.224;0.253
ENSMUST00000188848_90_90;0.23;0.304;0.489;0.397;0.407;0.455;0.0;0.213;0.237;0.0;0.0;0.0;0.368;0.385;0.385;0.379;0.168;0.404;0.287;0.313;0.204;0.365;0.401;0.356;0.311;0.98;0.997;0.429;1.0;0.406;0.38;0.387;0.398;0.426;0.369;0.135;0.209;0.235
ENSMUST00000034581_90_90;0.427;0.601;0.904;0.746;0.841;0.665;0.221;0.414;0.456;0.0;0.216;0.0;0.879;0.937;0.935;0.914;0.094;1.0;0.267;0.385;0.191;0.411;0.996;0.806;0.822;0.397;0.407;0.456;0.406;1.0;0.914;0.937;0.974;0.883;0.88;0.102;0.408;0.452
ENSMUST00000085909_90_90;0.474;0.671;0.979;0.828;0.873;0.74;0.298;0.461;0.507;0.0;0.279;0.0;0.962;0.976;0.902;1.0;0.086;0.914;0.244;0.353;0.174;0.376;0.91;0.737;0.908;0.373;0.382;0.418;0.38;0.914;1.0;0.976;0.939;0.809;0.962;0.093;0.455;0.504
ENSMUST00000114547_90_90;0.462;0.653;0.955;0.805;0.894;0.72;0.278;0.448;0.494;0.0;0.262;0.0;0.938;1.0;0.879;0.976;0.089;0.937;0.25;0.361;0.179;0.386;0.933;0.755;0.884;0.379;0.389;0.428;0.387;0.937;0.976;1.0;0.914;0.828;0.939;0.096;0.443;0.49
ENSMUST00000114548_90_90;0.439;0.62;0.928;0.769;0.821;0.685;0.241;0.426;0.469;0.0;0.232;0.0;0.902;0.914;0.959;0.938;0.092;0.974;0.26;0.375;0.186;0.401;0.97;0.785;0.846;0.39;0.4;0.445;0.398;0.974;0.939;0.914;1.0;0.861;0.903;0.099;0.42;0.465
ENSMUST00000143026_90_90;0.368;0.512;0.799;0.649;0.735;0.58;0.136;0.356;0.391;0.0;0.138;0.0;0.778;0.828;0.826;0.808;0.1;0.882;0.286;0.412;0.204;0.44;0.879;0.863;0.719;0.418;0.428;0.488;0.426;0.883;0.809;0.828;0.861;1.0;0.779;0.108;0.348;0.386
ENSMUST00000152459_90_90;0.501;0.707;0.942;0.866;0.84;0.779;0.337;0.487;0.537;0.0;0.316;0.0;1.0;0.938;0.941;0.962;0.083;0.879;0.235;0.34;0.168;0.362;0.875;0.709;0.873;0.362;0.371;0.402;0.369;0.88;0.962;0.939;0.903;0.779;1.0;0.09;0.483;0.535
ENSMUST00000214542_90_90;0.0;0.0;0.099;0.0;0.0;0.056;0.0;0.0;0.0;0.0;0.0;0.0;0.086;0.092;0.092;0.09;0.754;0.098;0.0;0.0;0.0;0.0;0.094;0.0;0.0;0.137;0.135;0.0;0.135;0.102;0.093;0.096;0.099;0.108;0.09;1.0;0.0;0.0
ENSMUST00000075447_90_90;0.999;0.616;0.454;0.477;0.461;0.532;0.378;1.0;0.515;0.05;0.341;0.101;0.48;0.441;0.446;0.453;0.0;0.406;0.151;0.144;0.108;0.158;0.406;0.366;0.476;0.212;0.211;0.224;0.209;0.408;0.455;0.443;0.42;0.348;0.483;0.0;1.0;0.514
ENSMUST00000108450_90_90;0.643;0.696;0.505;0.534;0.516;0.558;0.4;0.515;1.0;0.12;0.45;0.0;0.535;0.49;0.496;0.504;0.0;0.452;0.171;0.161;0.123;0.177;0.452;0.41;0.533;0.238;0.237;0.253;0.235;0.452;0.504;0.49;0.465;0.386;0.535;0.0;0.514;1.0
