;ENSCAFT00000001910_90_90;ENST00000374021_90_90;ENST00000374023_90_90;ENST00000374026_90_90;ENSMUST00000075076_90_90;ENSMUST00000114859_90_90;ENSMUST00000114863_90_90
ENSCAFT00000001910_90_90;1.0;0.818;1.0;0.909;1.0;0.545;0.727
ENST00000374021_90_90;0.818;1.0;0.714;0.643;0.727;0.273;0.455
ENST00000374023_90_90;1.0;0.714;1.0;0.929;1.0;0.545;0.727
ENST00000374026_90_90;0.909;0.643;0.929;1.0;0.909;0.455;0.636
ENSMUST00000075076_90_90;1.0;0.727;1.0;0.909;1.0;0.438;0.562
ENSMUST00000114859_90_90;0.545;0.273;0.545;0.455;0.438;1.0;0.8
ENSMUST00000114863_90_90;0.727;0.455;0.727;0.636;0.562;0.8;1.0
