;ENSCAFT00000027032_90_90;ENST00000368406_90_90;ENST00000368407_90_90;ENSMUST00000029566_90_90;ENSMUST00000118587_90_90;ENSMUST00000118860_90_90
ENSCAFT00000027032_90_90;1.0;0.819;0.998;0.998;0.722;0.819
ENST00000368406_90_90;0.819;1.0;0.847;0.847;0.492;1.0
ENST00000368407_90_90;0.998;0.847;1.0;1.0;0.646;0.847
ENSMUST00000029566_90_90;0.998;0.847;1.0;1.0;0.646;0.847
ENSMUST00000118587_90_90;0.722;0.492;0.646;0.646;1.0;0.492
ENSMUST00000118860_90_90;0.819;1.0;0.847;0.847;0.492;1.0
