;ENSCAFT00000018938_90_90;ENST00000344384_90_90;ENST00000380470_90_90;ENST00000480796_90_90;ENST00000485437_90_90;ENSMUST00000033755_90_90;ENSMUST00000036858_90_90
ENSCAFT00000018938_90_90;1.0;0.699;0.499;0.553;0.341;0.792;0.601
ENST00000344384_90_90;0.699;1.0;0.471;0.52;0.274;0.817;0.486
ENST00000380470_90_90;0.499;0.471;1.0;0.918;0.549;0.456;0.821
ENST00000480796_90_90;0.553;0.52;0.918;1.0;0.619;0.508;0.898
ENST00000485437_90_90;0.341;0.274;0.549;0.619;1.0;0.289;0.619
ENSMUST00000033755_90_90;0.792;0.817;0.456;0.508;0.289;1.0;0.547
ENSMUST00000036858_90_90;0.601;0.486;0.821;0.898;0.619;0.547;1.0
