;ENSCAFT00000018483_90_90;ENST00000274000_90_90;ENST00000309703_90_90;ENST00000512741_90_90;ENSMUST00000051737_90_90;ENSMUST00000196392_90_90;ENSMUST00000200409_90_90
ENSCAFT00000018483_90_90;1.0;1.0;0.903;0.163;0.946;0.202;0.841
ENST00000274000_90_90;1.0;1.0;0.907;0.155;0.951;0.235;0.85
ENST00000309703_90_90;0.903;0.907;1.0;0.173;0.85;0.26;0.946
ENST00000512741_90_90;0.163;0.155;0.173;1.0;0.172;0.0;0.194
ENSMUST00000051737_90_90;0.946;0.951;0.85;0.172;1.0;0.202;0.899
ENSMUST00000196392_90_90;0.202;0.235;0.26;0.0;0.202;1.0;0.221
ENSMUST00000200409_90_90;0.841;0.85;0.946;0.194;0.899;0.221;1.0
