;ENSCAFT00000030629_90_90;ENST00000164640_90_90;ENST00000393758_90_90;ENST00000480650_90_90;ENST00000544474_90_90;ENSMUST00000002080_90_90;ENSMUST00000114438_90_90
ENSCAFT00000030629_90_90;1.0;0.825;0.83;0.147;0.715;0.775;0.654
ENST00000164640_90_90;0.825;1.0;0.937;0.115;0.829;0.828;0.76
ENST00000393758_90_90;0.83;0.937;1.0;0.171;0.779;0.887;0.718
ENST00000480650_90_90;0.147;0.115;0.171;1.0;0.042;0.223;0.046
ENST00000544474_90_90;0.715;0.829;0.779;0.042;1.0;0.718;0.914
ENSMUST00000002080_90_90;0.775;0.828;0.887;0.223;0.718;1.0;0.759
ENSMUST00000114438_90_90;0.654;0.76;0.718;0.046;0.914;0.759;1.0
