;ENSCAFT00000014796_90_90;ENST00000330622_90_90;ENST00000427718_90_90;ENST00000548840_90_90;ENST00000550180_90_90;ENST00000622495_90_90;ENSMUST00000035579_90_90;ENSMUST00000201611_90_90;ENSMUST00000202447_90_90
ENSCAFT00000014796_90_90;1.0;0.714;0.615;0.231;0.538;0.769;0.833;0.583;0.769
ENST00000330622_90_90;0.714;1.0;0.769;0.286;0.692;0.923;0.714;0.5;0.786
ENST00000427718_90_90;0.615;0.769;1.0;0.25;0.727;0.833;0.615;0.5;0.571
ENST00000548840_90_90;0.231;0.286;0.25;1.0;0.167;0.214;0.231;0.182;0.308
ENST00000550180_90_90;0.538;0.692;0.727;0.167;1.0;0.75;0.538;0.7;0.5
ENST00000622495_90_90;0.769;0.923;0.833;0.214;0.75;1.0;0.769;0.538;0.714
ENSMUST00000035579_90_90;0.833;0.714;0.615;0.231;0.538;0.769;1.0;0.727;0.917
ENSMUST00000201611_90_90;0.583;0.5;0.5;0.182;0.7;0.538;0.727;1.0;0.667
ENSMUST00000202447_90_90;0.769;0.786;0.571;0.308;0.5;0.714;0.917;0.667;1.0
