;transcript28_ENSMUSG00000054036;transcript28_MGP-CAROLIEiJ-G0020234;transcript28_MGP-PahariEiJ-G0020237;transcript28_ENSRNOG00000031503;transcript7_ENSRNOG00000031503;transcript24_ENSRNOG00000031503;transcript24_ENSNGAG00000018584
transcript28_ENSMUSG00000054036;1.0;0.956;0.93;0.792;0.542;0.548;0.633
transcript28_MGP-CAROLIEiJ-G0020234;0.956;1.0;0.911;0.772;0.527;0.534;0.619
transcript28_MGP-PahariEiJ-G0020237;0.93;0.911;1.0;0.748;0.508;0.515;0.603
transcript28_ENSRNOG00000031503;0.792;0.772;0.748;1.0;0.657;0.665;0.51
transcript7_ENSRNOG00000031503;0.542;0.527;0.508;0.657;1.0;0.992;0.775
transcript24_ENSRNOG00000031503;0.548;0.534;0.515;0.665;0.992;1.0;0.781
transcript24_ENSNGAG00000018584;0.633;0.619;0.603;0.51;0.775;0.781;1.0
