;ENSCAFT00000020479_90_90;ENST00000318247_90_90;ENST00000356728_90_90;ENST00000638901_90_90;ENSMUST00000029795_90_90;ENSMUST00000197040_90_90;ENSMUST00000200009_90_90
ENSCAFT00000020479_90_90;1.0;0.73;0.654;0.173;0.882;0.627;0.415
ENST00000318247_90_90;0.73;1.0;0.703;0.037;0.748;0.673;0.437
ENST00000356728_90_90;0.654;0.703;1.0;0.0;0.616;0.744;0.617
ENST00000638901_90_90;0.173;0.037;0.0;1.0;0.183;0.0;0.0
ENSMUST00000029795_90_90;0.882;0.748;0.616;0.183;1.0;0.641;0.423
ENSMUST00000197040_90_90;0.627;0.673;0.744;0.0;0.641;1.0;0.503
ENSMUST00000200009_90_90;0.415;0.437;0.617;0.0;0.423;0.503;1.0
