;ENSCAFT00000010521_90_90;ENST00000318522_90_90;ENST00000401738_90_90;ENST00000402711_90_90;ENSMUST00000049503_90_90;ENSMUST00000096766_90_90;ENSMUST00000112363_90_90
ENSCAFT00000010521_90_90;1.0;1.0;1.0;0.941;0.897;1.0;0.941
ENST00000318522_90_90;1.0;1.0;0.989;0.941;0.897;0.989;0.941
ENST00000401738_90_90;1.0;0.989;1.0;0.93;0.887;1.0;0.93
ENST00000402711_90_90;0.941;0.941;0.93;1.0;0.953;0.93;1.0
ENSMUST00000049503_90_90;0.897;0.897;0.887;0.953;1.0;0.887;0.953
ENSMUST00000096766_90_90;1.0;0.989;1.0;0.93;0.887;1.0;0.93
ENSMUST00000112363_90_90;0.941;0.941;0.93;1.0;0.953;0.93;1.0
