;transcript9_ENSAPOG00000016134;transcript8_ENSAPOG00000023408;transcript24_ENSAPOG00000016134;transcript16_ENSAPOG00000016134;transcript16_ENSAPOG00000023408;transcript29_ENSAPOG00000016134;transcript16_ENSAOCG00000015695
transcript9_ENSAPOG00000016134;1.0;0.242;0.982;0.82;0.82;0.838;0.82
transcript8_ENSAPOG00000023408;0.242;1.0;0.237;0.198;0.198;0.203;0.198
transcript24_ENSAPOG00000016134;0.982;0.237;1.0;0.835;0.835;0.854;0.835
transcript16_ENSAPOG00000016134;0.82;0.198;0.835;1.0;1.0;0.978;1.0
transcript16_ENSAPOG00000023408;0.82;0.198;0.835;1.0;1.0;0.978;1.0
transcript29_ENSAPOG00000016134;0.838;0.203;0.854;0.978;0.978;1.0;0.978
transcript16_ENSAOCG00000015695;0.82;0.198;0.835;1.0;1.0;0.978;1.0
