;ENSCAFT00000001910_90_90;ENST00000374021_90_90;ENST00000374023_90_90;ENST00000374026_90_90;ENSMUST00000075076_90_90;ENSMUST00000114859_90_90;ENSMUST00000114863_90_90
ENSCAFT00000001910_90_90;1.0;0.728;0.974;0.753;0.919;0.738;0.995
ENST00000374021_90_90;0.728;1.0;0.752;0.53;0.662;0.473;0.724
ENST00000374023_90_90;0.974;0.752;1.0;0.779;0.897;0.719;0.97
ENST00000374026_90_90;0.753;0.53;0.779;1.0;0.686;0.498;0.749
ENSMUST00000075076_90_90;0.919;0.662;0.897;0.686;1.0;0.67;0.915
ENSMUST00000114859_90_90;0.738;0.473;0.719;0.498;0.67;1.0;0.742
ENSMUST00000114863_90_90;0.995;0.724;0.97;0.749;0.915;0.742;1.0
