;ENSCAFT00000023708_90_90;ENST00000246912_90_90;ENST00000346833_90_90;ENST00000435881_90_90;ENST00000591024_90_90;ENSMUST00000017945_90_90;ENSMUST00000107302_90_90;ENSMUST00000107303_90_90;ENSMUST00000149597_90_90
ENSCAFT00000023708_90_90;1.0;0.999;0.717;0.818;0.832;0.999;0.818;0.717;0.425
ENST00000246912_90_90;0.999;1.0;0.718;0.819;0.833;1.0;0.819;0.718;0.426
ENST00000346833_90_90;0.717;0.718;1.0;0.877;0.725;0.718;0.877;1.0;0.272
ENST00000435881_90_90;0.818;0.819;0.877;1.0;0.652;0.819;1.0;0.877;0.245
ENST00000591024_90_90;0.832;0.833;0.725;0.652;1.0;0.833;0.652;0.725;0.511
ENSMUST00000017945_90_90;0.999;1.0;0.718;0.819;0.833;1.0;0.819;0.718;0.426
ENSMUST00000107302_90_90;0.818;0.819;0.877;1.0;0.652;0.819;1.0;0.877;0.245
ENSMUST00000107303_90_90;0.717;0.718;1.0;0.877;0.725;0.718;0.877;1.0;0.272
ENSMUST00000149597_90_90;0.425;0.426;0.272;0.245;0.511;0.426;0.245;0.272;1.0
