;ENSCAFT00000000260_90_90;ENST00000300131_90_90;ENST00000342556_90_90;ENSMUST00000026469_90_90;ENSMUST00000099157_90_90;ENSMUST00000128780_90_90;ENSMUST00000129252_90_90
ENSCAFT00000000260_90_90;1.0;1.0;0.878;0.999;0.877;0.126;0.088
ENST00000300131_90_90;1.0;1.0;0.878;0.999;0.877;0.126;0.088
ENST00000342556_90_90;0.878;0.878;1.0;0.877;0.999;0.143;0.101
ENSMUST00000026469_90_90;0.999;0.999;0.877;1.0;0.878;0.126;0.088
ENSMUST00000099157_90_90;0.877;0.877;0.999;0.878;1.0;0.143;0.101
ENSMUST00000128780_90_90;0.126;0.126;0.143;0.126;0.143;1.0;0.702
ENSMUST00000129252_90_90;0.088;0.088;0.101;0.088;0.101;0.702;1.0
