;ENSCAFT00000000260_90_90;ENST00000300131_90_90;ENST00000342556_90_90;ENSMUST00000026469_90_90;ENSMUST00000099157_90_90;ENSMUST00000128780_90_90;ENSMUST00000129252_90_90
ENSCAFT00000000260_90_90;1.0;1.0;0.875;0.778;0.667;0.25;0.125
ENST00000300131_90_90;1.0;1.0;0.875;0.778;0.667;0.25;0.125
ENST00000342556_90_90;0.875;0.875;1.0;0.667;0.75;0.286;0.143
ENSMUST00000026469_90_90;0.778;0.778;0.667;1.0;0.875;0.25;0.125
ENSMUST00000099157_90_90;0.667;0.667;0.75;0.875;1.0;0.286;0.143
ENSMUST00000128780_90_90;0.25;0.25;0.286;0.25;0.286;1.0;0.5
ENSMUST00000129252_90_90;0.125;0.125;0.143;0.125;0.143;0.5;1.0
