;transcript23_ENSMPUG00000020072;transcript25_ENSMPUG00000020072;transcript26_ENSMPUG00000020072;transcript27_ENSMPUG00000020072;transcript28_ENSMPUG00000020072;transcript14_ENSECAG00000007947;transcript20_ENSECAG00000007947;transcript30_ENSECAG00000007947
transcript23_ENSMPUG00000020072;1.0;0.774;0.954;0.917;0.917;0.962;0.965;0.962
transcript25_ENSMPUG00000020072;0.774;1.0;0.812;0.844;0.844;0.742;0.746;0.742
transcript26_ENSMPUG00000020072;0.954;0.812;1.0;0.962;0.962;0.918;0.921;0.918
transcript27_ENSMPUG00000020072;0.917;0.844;0.962;1.0;1.0;0.883;0.885;0.883
transcript28_ENSMPUG00000020072;0.917;0.844;0.962;1.0;1.0;0.883;0.885;0.883
transcript14_ENSECAG00000007947;0.962;0.742;0.918;0.883;0.883;1.0;0.988;1.0
transcript20_ENSECAG00000007947;0.965;0.746;0.921;0.885;0.885;0.988;1.0;0.988
transcript30_ENSECAG00000007947;0.962;0.742;0.918;0.883;0.883;1.0;0.988;1.0
