;ENSCAFT00000002233_90_90;ENSCAFT00000002236_90_90;ENST00000257468_90_90;ENST00000376395_90_90;ENST00000526134_90_90;ENST00000529923_90_90;ENSMUST00000058735_90_90;ENSMUST00000076454_90_90;ENSMUST00000225645_90_90
ENSCAFT00000002233_90_90;1.0;0.261;0.368;0.333;0.444;0.0;0.333;0.375;0.833
ENSCAFT00000002236_90_90;0.261;1.0;0.857;0.952;0.3;0.3;0.944;0.833;0.294
ENST00000257468_90_90;0.368;0.857;1.0;0.905;0.25;0.316;0.889;1.0;0.312
ENST00000376395_90_90;0.333;0.952;0.905;1.0;0.286;0.286;1.0;0.889;0.278
ENST00000526134_90_90;0.444;0.3;0.25;0.286;1.0;0.0;0.278;0.235;0.429
ENST00000529923_90_90;0.0;0.3;0.316;0.286;0.0;1.0;0.278;0.312;0.0
ENSMUST00000058735_90_90;0.333;0.944;0.889;1.0;0.278;0.278;1.0;0.9;0.25
ENSMUST00000076454_90_90;0.375;0.833;1.0;0.889;0.235;0.312;0.9;1.0;0.278
ENSMUST00000225645_90_90;0.833;0.294;0.312;0.278;0.429;0.0;0.25;0.278;1.0
