;ENSCAFT00000018938_90_90;ENST00000344384_90_90;ENST00000380470_90_90;ENST00000480796_90_90;ENST00000485437_90_90;ENSMUST00000033755_90_90;ENSMUST00000036858_90_90
ENSCAFT00000018938_90_90;1.0;0.813;0.945;0.998;0.571;0.814;0.999
ENST00000344384_90_90;0.813;1.0;0.678;0.725;0.31;0.999;0.74
ENST00000380470_90_90;0.945;0.678;1.0;0.947;0.463;0.692;0.946
ENST00000480796_90_90;0.998;0.725;0.947;1.0;0.51;0.74;0.999
ENST00000485437_90_90;0.571;0.31;0.463;0.51;1.0;0.351;0.572
ENSMUST00000033755_90_90;0.814;0.999;0.692;0.74;0.351;1.0;0.741
ENSMUST00000036858_90_90;0.999;0.74;0.946;0.999;0.572;0.741;1.0
