;ENSCAFT00000029983_90_90;ENST00000370777_90_90;ENST00000370779_90_90;ENST00000370783_90_90;ENSMUST00000023836_90_90;ENSMUST00000096447_90_90;ENSMUST00000152743_90_90
ENSCAFT00000029983_90_90;1.0;0.995;0.746;1.0;0.995;1.0;1.0
ENST00000370777_90_90;0.995;1.0;0.743;0.995;1.0;0.995;0.995
ENST00000370779_90_90;0.746;0.743;1.0;0.746;0.743;0.746;0.746
ENST00000370783_90_90;1.0;0.995;0.746;1.0;0.995;1.0;1.0
ENSMUST00000023836_90_90;0.995;1.0;0.743;0.995;1.0;0.995;0.995
ENSMUST00000096447_90_90;1.0;0.995;0.746;1.0;0.995;1.0;1.0
ENSMUST00000152743_90_90;1.0;0.995;0.746;1.0;0.995;1.0;1.0
