;ENSCAFT00000002504_90_90;ENSCAFT00000045585_90_90;ENST00000325888_90_90;ENST00000346177_90_90;ENSMUST00000065090_90_90;ENSMUST00000101617_90_90
ENSCAFT00000002504_90_90;1.0;0.612;0.873;0.78;0.936;0.852
ENSCAFT00000045585_90_90;0.612;1.0;0.611;0.724;0.593;0.673
ENST00000325888_90_90;0.873;0.611;1.0;0.779;0.938;0.744
ENST00000346177_90_90;0.78;0.724;0.779;1.0;0.744;0.9
ENSMUST00000065090_90_90;0.936;0.593;0.938;0.744;1.0;0.806
ENSMUST00000101617_90_90;0.852;0.673;0.744;0.9;0.806;1.0
