;ENSCAFT00000049635_90_90;ENST00000373042_90_90;ENST00000373043_90_90;ENST00000468084_90_90;ENSMUST00000106190_90_90;ENSMUST00000125776_90_90;ENSMUST00000137769_90_90;ENSMUST00000163946_90_90;ENSMUST00000185036_90_90
ENSCAFT00000049635_90_90;1.0;0.998;0.38;0.38;0.998;0.78;0.38;0.38;0.78
ENST00000373042_90_90;0.998;1.0;0.339;0.339;1.0;0.608;0.339;0.339;0.54
ENST00000373043_90_90;0.38;0.339;1.0;1.0;0.339;0.437;1.0;1.0;0.398
ENST00000468084_90_90;0.38;0.339;1.0;1.0;0.339;0.437;1.0;1.0;0.398
ENSMUST00000106190_90_90;0.998;1.0;0.339;0.339;1.0;0.524;0.339;0.339;0.457
ENSMUST00000125776_90_90;0.78;0.608;0.437;0.437;0.524;1.0;0.312;0.312;0.583
ENSMUST00000137769_90_90;0.38;0.339;1.0;1.0;0.339;0.312;1.0;1.0;0.273
ENSMUST00000163946_90_90;0.38;0.339;1.0;1.0;0.339;0.312;1.0;1.0;0.273
ENSMUST00000185036_90_90;0.78;0.54;0.398;0.398;0.457;0.583;0.273;0.273;1.0
