;transcript5_ENSHGLG00100003156;transcript5_ENSHGLG00100006079;transcript5_ENSPCIG00000036398;transcript19_ENSHGLG00100003156;transcript16_ENSHGLG00100006079;transcript17_ENSHGLG00100006079;transcript18_ENSHGLG00100006079;transcript13_ENSMUNG00000002391
transcript5_ENSHGLG00100003156;1.0;0.691;0.748;0.992;0.463;0.26;0.683;1.0
transcript5_ENSHGLG00100006079;0.691;1.0;0.5;0.683;0.671;0.376;0.988;0.691
transcript5_ENSPCIG00000036398;0.748;0.5;1.0;0.74;0.263;0.348;0.492;0.748
transcript19_ENSHGLG00100003156;0.992;0.683;0.74;1.0;0.455;0.252;0.675;0.992
transcript16_ENSHGLG00100006079;0.463;0.671;0.263;0.455;1.0;0.047;0.659;0.463
transcript17_ENSHGLG00100006079;0.26;0.376;0.348;0.252;0.047;1.0;0.365;0.26
transcript18_ENSHGLG00100006079;0.683;0.988;0.492;0.675;0.659;0.365;1.0;0.683
transcript13_ENSMUNG00000002391;1.0;0.691;0.748;0.992;0.463;0.26;0.683;1.0
