;transcript5_ENSPCIG00000036398;transcript5_ENSHGLG00100003156;transcript19_ENSHGLG00100003156;transcript5_ENSHGLG00100006079;transcript17_ENSHGLG00100006079;transcript18_ENSHGLG00100006079;transcript16_ENSHGLG00100006079;transcript13_ENSMUNG00000002391
transcript5_ENSPCIG00000036398;1.0;0.943;0.939;0.913;0.882;0.761;0.591;0.943
transcript5_ENSHGLG00100003156;0.943;1.0;0.996;0.946;0.832;0.797;0.628;1.0
transcript19_ENSHGLG00100003156;0.939;0.996;1.0;0.943;0.828;0.793;0.625;0.996
transcript5_ENSHGLG00100006079;0.913;0.946;0.943;1.0;0.879;0.842;0.664;0.946
transcript17_ENSHGLG00100006079;0.882;0.832;0.828;0.879;1.0;0.721;0.545;0.832
transcript18_ENSHGLG00100006079;0.761;0.797;0.793;0.842;0.721;1.0;0.506;0.797
transcript16_ENSHGLG00100006079;0.591;0.628;0.625;0.664;0.545;0.506;1.0;0.628
transcript13_ENSMUNG00000002391;0.943;1.0;0.996;0.946;0.832;0.797;0.628;1.0
