;transcript8_ENSMLUG00000027828;transcript8_ENSMPUG00000020072;transcript8_ENSECAG00000007947;transcript8_ENSLAFG00000030854;transcript12_ENSCPOG00000024843;transcript13_ENSCCNG00000000226;transcript33_ENSECAG00000007947;transcript34_ENSCPOG00000024843;transcript27_ENSCPOG00000024843
transcript8_ENSMLUG00000027828;1.0;1.0;1.0;1.0;1.0;1.0;1.0;0.915;1.0
transcript8_ENSMPUG00000020072;1.0;1.0;1.0;1.0;1.0;1.0;1.0;0.924;1.0
transcript8_ENSECAG00000007947;1.0;1.0;1.0;1.0;0.915;0.722;1.0;0.725;0.767
transcript8_ENSLAFG00000030854;1.0;1.0;1.0;1.0;1.0;1.0;1.0;0.93;1.0
transcript12_ENSCPOG00000024843;1.0;1.0;0.915;1.0;1.0;0.644;0.915;0.646;0.655
transcript13_ENSCCNG00000000226;1.0;1.0;0.722;1.0;0.644;1.0;0.722;0.906;0.925
transcript33_ENSECAG00000007947;1.0;1.0;1.0;1.0;0.915;0.722;1.0;0.725;0.767
transcript34_ENSCPOG00000024843;0.915;0.924;0.725;0.93;0.646;0.906;0.725;1.0;0.964
transcript27_ENSCPOG00000024843;1.0;1.0;0.767;1.0;0.655;0.925;0.767;0.964;1.0
