;transcript1_ENSMPUG00000020072;transcript1_ENSMLUG00000027828;transcript10_ENSMLUG00000027828;transcript1_ENSCCNG00000000226;transcript7_ENSCCNG00000000226;transcript15_ENSCCNG00000000226;transcript1_ENSLAFG00000030854
transcript1_ENSMPUG00000020072;1.0;0.841;0.808;0.858;0.857;0.852;0.92
transcript1_ENSMLUG00000027828;0.841;1.0;0.956;0.835;0.833;0.829;0.901
transcript10_ENSMLUG00000027828;0.808;0.956;1.0;0.804;0.802;0.797;0.861
transcript1_ENSCCNG00000000226;0.858;0.835;0.804;1.0;0.998;0.991;0.922
transcript7_ENSCCNG00000000226;0.857;0.833;0.802;0.998;1.0;0.994;0.92
transcript15_ENSCCNG00000000226;0.852;0.829;0.797;0.991;0.994;1.0;0.914
transcript1_ENSLAFG00000030854;0.92;0.901;0.861;0.922;0.92;0.914;1.0
