;ENSCAFT00000024268_90_90;ENST00000313478_90_90;ENST00000560638_90_90;ENST00000560955_90_90;ENST00000561267_90_90;ENSMUST00000028843_90_90;ENSMUST00000103224_90_90;ENSMUST00000136964_90_90
ENSCAFT00000024268_90_90;1.0;0.76;0.087;0.75;0.13;0.64;0.654;0.192
ENST00000313478_90_90;0.76;1.0;0.042;0.909;0.13;0.577;0.654;0.192
ENST00000560638_90_90;0.087;0.042;1.0;0.045;0.0;0.1;0.091;0.0
ENST00000560955_90_90;0.75;0.909;0.045;1.0;0.143;0.625;0.577;0.208
ENST00000561267_90_90;0.13;0.13;0.0;0.143;1.0;0.095;0.087;0.3
ENSMUST00000028843_90_90;0.64;0.577;0.1;0.625;0.095;1.0;0.905;0.273
ENSMUST00000103224_90_90;0.654;0.654;0.091;0.577;0.087;0.905;1.0;0.25
ENSMUST00000136964_90_90;0.192;0.192;0.0;0.208;0.3;0.273;0.25;1.0
