;transcript26_ENSNGAG00000018584;transcript33_ENSNGAG00000018584;transcript34_ENSNGAG00000018584;transcript35_ENSNGAG00000018584;transcript35_ENSCCNG00000000226;transcript27_ENSSTOG00000019743;transcript22_ENSCCNG00000000226;transcript21_ENSCPOG00000024843
transcript26_ENSNGAG00000018584;1.0;0.98;0.885;0.5;0.584;0.91;0.933;0.893
transcript33_ENSNGAG00000018584;0.98;1.0;0.903;0.51;0.589;0.894;0.911;0.875
transcript34_ENSNGAG00000018584;0.885;0.903;1.0;0.565;0.673;0.816;0.807;0.789
transcript35_ENSNGAG00000018584;0.5;0.51;0.565;1.0;0.928;0.485;0.463;0.441
transcript35_ENSCCNG00000000226;0.584;0.589;0.673;0.928;1.0;0.647;0.633;0.605
transcript27_ENSSTOG00000019743;0.91;0.894;0.816;0.485;0.647;1.0;0.984;1.0
transcript22_ENSCCNG00000000226;0.933;0.911;0.807;0.463;0.633;0.984;1.0;0.976
transcript21_ENSCPOG00000024843;0.893;0.875;0.789;0.441;0.605;1.0;0.976;1.0
