;ENSCAFT00000031393_90_90;ENSCAFT00000044983_90_90;ENST00000361311_90_90;ENST00000377298_90_90;ENST00000435891_90_90;ENSMUST00000039144_90_90;ENSMUST00000105691_90_90
ENSCAFT00000031393_90_90;1.0;0.959;0.959;0.969;0.822;0.969;0.959
ENSCAFT00000044983_90_90;0.959;1.0;1.0;0.989;0.806;0.989;1.0
ENST00000361311_90_90;0.959;1.0;1.0;0.99;0.805;0.99;1.0
ENST00000377298_90_90;0.969;0.989;0.99;1.0;0.797;1.0;0.99
ENST00000435891_90_90;0.822;0.806;0.805;0.797;1.0;0.797;0.805
ENSMUST00000039144_90_90;0.969;0.989;0.99;1.0;0.797;1.0;0.99
ENSMUST00000105691_90_90;0.959;1.0;1.0;0.99;0.805;0.99;1.0
