;ENSCAFT00000026995_90_90;ENSCAFT00000045721_90_90;ENST00000279394_90_90;ENST00000308893_90_90;ENST00000416441_90_90;ENST00000543033_90_90;ENSMUST00000071268_90_90;ENSMUST00000117394_90_90;ENSMUST00000214525_90_90
ENSCAFT00000026995_90_90;1.0;0.432;0.425;1.0;0.88;0.798;0.462;1.0;0.057
ENSCAFT00000045721_90_90;0.432;1.0;1.0;0.425;0.329;0.51;1.0;0.462;0.35
ENST00000279394_90_90;0.425;1.0;1.0;0.432;0.325;0.527;1.0;0.429;0.37
ENST00000308893_90_90;1.0;0.425;0.432;1.0;0.845;0.788;0.429;1.0;0.057
ENST00000416441_90_90;0.88;0.329;0.325;0.845;1.0;0.642;0.327;0.875;0.064
ENST00000543033_90_90;0.798;0.51;0.527;0.788;0.642;1.0;0.534;0.776;0.073
ENSMUST00000071268_90_90;0.462;1.0;1.0;0.429;0.327;0.534;1.0;0.468;0.303
ENSMUST00000117394_90_90;1.0;0.462;0.429;1.0;0.875;0.776;0.468;1.0;0.05
ENSMUST00000214525_90_90;0.057;0.35;0.37;0.057;0.064;0.073;0.303;0.05;1.0
