;ENSCAFT00000008032_90_90;ENST00000345008_90_90;ENST00000397463_90_90;ENST00000449209_90_90;ENSMUST00000027582_90_90;ENSMUST00000159417_90_90;ENSMUST00000159529_90_90;ENSMUST00000161361_90_90;ENSMUST00000162899_90_90
ENSCAFT00000008032_90_90;1.0;0.624;0.967;0.182;0.631;0.932;0.631;0.206;0.631
ENST00000345008_90_90;0.624;1.0;0.631;0.0;0.985;0.624;0.985;0.316;0.985
ENST00000397463_90_90;0.967;0.631;1.0;0.182;0.624;0.945;0.624;0.2;0.624
ENST00000449209_90_90;0.182;0.0;0.182;1.0;0.0;0.156;0.0;0.0;0.0
ENSMUST00000027582_90_90;0.631;0.985;0.624;0.0;1.0;0.631;1.0;0.326;1.0
ENSMUST00000159417_90_90;0.932;0.624;0.945;0.156;0.631;1.0;0.631;0.206;0.631
ENSMUST00000159529_90_90;0.631;0.985;0.624;0.0;1.0;0.631;1.0;0.326;1.0
ENSMUST00000161361_90_90;0.206;0.316;0.2;0.0;0.326;0.206;0.326;1.0;0.326
ENSMUST00000162899_90_90;0.631;0.985;0.624;0.0;1.0;0.631;1.0;0.326;1.0
