;ENSCAFT00000026430_90_90;ENST00000310418_90_90;ENST00000345807_90_90;ENST00000502877_90_90;ENST00000508425_90_90;ENST00000510734_90_90;ENSMUST00000049575_90_90;ENSMUST00000091609_90_90;ENSMUST00000140142_90_90
ENSCAFT00000026430_90_90;1.0;1.0;0.921;0.549;0.354;0.274;1.0;0.921;0.307
ENST00000310418_90_90;1.0;1.0;0.921;0.549;0.354;0.274;1.0;0.921;0.307
ENST00000345807_90_90;0.921;0.921;1.0;0.596;0.384;0.292;0.921;1.0;0.329
ENST00000502877_90_90;0.549;0.549;0.596;1.0;0.289;0.429;0.549;0.596;0.003
ENST00000508425_90_90;0.354;0.354;0.384;0.289;1.0;0.257;0.354;0.384;0.205
ENST00000510734_90_90;0.274;0.274;0.292;0.429;0.257;1.0;0.274;0.292;0.0
ENSMUST00000049575_90_90;1.0;1.0;0.921;0.549;0.354;0.274;1.0;0.921;0.307
ENSMUST00000091609_90_90;0.921;0.921;1.0;0.596;0.384;0.292;0.921;1.0;0.329
ENSMUST00000140142_90_90;0.307;0.307;0.329;0.003;0.205;0.0;0.307;0.329;1.0
