;ENSCAFT00000031630_90_90;ENST00000339463_90_90;ENST00000372122_90_90;ENST00000372123_90_90;ENST00000636137_90_90;ENST00000636263_90_90;ENSMUST00000028156_90_90;ENSMUST00000164290_90_90
ENSCAFT00000031630_90_90;1.0;0.8;0.8;0.6;0.571;0.5;0.8;0.5
ENST00000339463_90_90;0.8;1.0;1.0;0.8;0.714;0.625;1.0;0.625
ENST00000372122_90_90;0.8;1.0;1.0;0.8;0.714;0.625;1.0;0.625
ENST00000372123_90_90;0.6;0.8;0.8;1.0;0.571;0.5;0.8;0.5
ENST00000636137_90_90;0.571;0.714;0.714;0.571;1.0;0.875;0.714;0.875
ENST00000636263_90_90;0.5;0.625;0.625;0.5;0.875;1.0;0.625;0.778
ENSMUST00000028156_90_90;0.8;1.0;1.0;0.8;0.714;0.625;1.0;0.625
ENSMUST00000164290_90_90;0.5;0.625;0.625;0.5;0.875;0.778;0.625;1.0
