;ENSCAFT00000005083_90_90;ENSCAFT00000005085_90_90;ENST00000272322_90_90;ENST00000354504_90_90;ENST00000409558_90_90;ENST00000416400_90_90;ENSMUST00000006221_90_90;ENSMUST00000109578_90_90;ENSMUST00000132017_90_90
ENSCAFT00000005083_90_90;1.0;0.845;0.834;0.989;0.845;0.088;0.834;0.845;1.0
ENSCAFT00000005085_90_90;0.845;1.0;0.988;0.837;0.999;0.075;0.988;0.999;0.845
ENST00000272322_90_90;0.834;0.988;1.0;0.827;0.988;0.074;1.0;0.988;0.834
ENST00000354504_90_90;0.989;0.837;0.827;1.0;0.837;0.087;0.827;0.837;0.989
ENST00000409558_90_90;0.845;0.999;0.988;0.837;1.0;0.075;0.988;1.0;0.845
ENST00000416400_90_90;0.088;0.075;0.074;0.087;0.075;1.0;0.074;0.075;0.088
ENSMUST00000006221_90_90;0.834;0.988;1.0;0.827;0.988;0.074;1.0;0.988;0.834
ENSMUST00000109578_90_90;0.845;0.999;0.988;0.837;1.0;0.075;0.988;1.0;0.845
ENSMUST00000132017_90_90;1.0;0.845;0.834;0.989;0.845;0.088;0.834;0.845;1.0
