;ENSCAFT00000010521_90_90;ENST00000318522_90_90;ENST00000401738_90_90;ENST00000402711_90_90;ENSMUST00000049503_90_90;ENSMUST00000096766_90_90;ENSMUST00000112363_90_90
ENSCAFT00000010521_90_90;1.0;1.0;0.875;0.857;0.571;0.75;0.714
ENST00000318522_90_90;1.0;1.0;0.875;0.857;0.571;0.75;0.714
ENST00000401738_90_90;0.875;0.875;1.0;0.75;0.5;0.875;0.625
ENST00000402711_90_90;0.857;0.857;0.75;1.0;0.667;0.625;0.833
ENSMUST00000049503_90_90;0.571;0.571;0.5;0.667;1.0;0.571;0.8
ENSMUST00000096766_90_90;0.75;0.75;0.875;0.625;0.571;1.0;0.714
ENSMUST00000112363_90_90;0.714;0.714;0.625;0.833;0.8;0.714;1.0
