;transcript8_ENSMPUG00000020072;transcript8_ENSECAG00000007947;transcript33_ENSECAG00000007947;transcript8_ENSMLUG00000027828;transcript13_ENSCCNG00000000226;transcript12_ENSCPOG00000024843;transcript27_ENSCPOG00000024843;transcript34_ENSCPOG00000024843;transcript8_ENSLAFG00000030854
transcript8_ENSMPUG00000020072;1.0;0.094;0.094;0.563;0.706;0.219;0.56;0.538;0.84
transcript8_ENSECAG00000007947;0.094;1.0;1.0;0.096;0.11;0.366;0.0;0.0;0.092
transcript33_ENSECAG00000007947;0.094;1.0;1.0;0.096;0.11;0.366;0.0;0.0;0.092
transcript8_ENSMLUG00000027828;0.563;0.096;0.096;1.0;0.577;0.325;0.493;0.459;0.675
transcript13_ENSCCNG00000000226;0.706;0.11;0.11;0.577;1.0;0.255;0.563;0.582;0.834
transcript12_ENSCPOG00000024843;0.219;0.366;0.366;0.325;0.255;1.0;0.188;0.148;0.252
transcript27_ENSCPOG00000024843;0.56;0.0;0.0;0.493;0.563;0.188;1.0;0.955;0.681
transcript34_ENSCPOG00000024843;0.538;0.0;0.0;0.459;0.582;0.148;0.955;1.0;0.65
transcript8_ENSLAFG00000030854;0.84;0.092;0.092;0.675;0.834;0.252;0.681;0.65;1.0
