;ENSCAFT00000020871_90_90;ENSCAFT00000046642_90_90;ENST00000307546_90_90;ENST00000369611_90_90;ENST00000369615_90_90;ENST00000369617_90_90;ENSMUST00000064371_90_90;ENSMUST00000121198_90_90;ENSMUST00000122303_90_90
ENSCAFT00000020871_90_90;1.0;0.813;0.744;0.411;0.411;0.475;0.392;0.647;0.392
ENSCAFT00000046642_90_90;0.813;1.0;0.907;0.511;0.511;0.487;0.483;0.776;0.483
ENST00000307546_90_90;0.744;0.907;1.0;0.505;0.505;0.481;0.476;0.81;0.476
ENST00000369611_90_90;0.411;0.511;0.505;1.0;1.0;0.835;0.861;0.501;0.861
ENST00000369615_90_90;0.411;0.511;0.505;1.0;1.0;0.835;0.861;0.501;0.861
ENST00000369617_90_90;0.475;0.487;0.481;0.835;0.835;1.0;0.754;0.475;0.754
ENSMUST00000064371_90_90;0.392;0.483;0.476;0.861;0.861;0.754;1.0;0.554;1.0
ENSMUST00000121198_90_90;0.647;0.776;0.81;0.501;0.501;0.475;0.554;1.0;0.554
ENSMUST00000122303_90_90;0.392;0.483;0.476;0.861;0.861;0.754;1.0;0.554;1.0
