;transcript28_ENSMUSG00000054036;transcript28_MGP-CAROLIEiJ-G0020234;transcript28_MGP-PahariEiJ-G0020237;transcript7_ENSRNOG00000031503;transcript24_ENSRNOG00000031503;transcript28_ENSRNOG00000031503;transcript24_ENSNGAG00000018584
transcript28_ENSMUSG00000054036;1.0;0.667;0.668;0.535;0.541;0.593;0.623
transcript28_MGP-CAROLIEiJ-G0020234;0.667;1.0;0.906;0.693;0.699;0.764;0.862
transcript28_MGP-PahariEiJ-G0020237;0.668;0.906;1.0;0.672;0.678;0.743;0.843
transcript7_ENSRNOG00000031503;0.535;0.693;0.672;1.0;0.992;0.9;0.785
transcript24_ENSRNOG00000031503;0.541;0.699;0.678;0.992;1.0;0.907;0.791
transcript28_ENSRNOG00000031503;0.593;0.764;0.743;0.9;0.907;1.0;0.714
transcript24_ENSNGAG00000018584;0.623;0.862;0.843;0.785;0.791;0.714;1.0
