;transcript5_ENSPCIG00000036398;transcript5_ENSHGLG00100003156;transcript19_ENSHGLG00100003156;transcript5_ENSHGLG00100006079;transcript17_ENSHGLG00100006079;transcript18_ENSHGLG00100006079;transcript16_ENSHGLG00100006079;transcript13_ENSMUNG00000002391
transcript5_ENSPCIG00000036398;1.0;0.871;0.863;0.733;0.661;0.651;0.401;0.871
transcript5_ENSHGLG00100003156;0.871;1.0;0.992;0.776;0.591;0.697;0.463;1.0
transcript19_ENSHGLG00100003156;0.863;0.992;1.0;0.769;0.584;0.689;0.456;0.992
transcript5_ENSHGLG00100006079;0.733;0.776;0.769;1.0;0.729;0.912;0.578;0.776
transcript17_ENSHGLG00100006079;0.661;0.591;0.584;0.729;1.0;0.641;0.317;0.591
transcript18_ENSHGLG00100006079;0.651;0.697;0.689;0.912;0.641;1.0;0.49;0.697
transcript16_ENSHGLG00100006079;0.401;0.463;0.456;0.578;0.317;0.49;1.0;0.463
transcript13_ENSMUNG00000002391;0.871;1.0;0.992;0.776;0.591;0.697;0.463;1.0
