;ENSCAFT00000014133_90_90;ENST00000351677_90_90;ENST00000392597_90_90;ENST00000530818_90_90;ENST00000635625_90_90;ENST00000635652_90_90;ENST00000639857_90_90;ENSMUST00000054547_90_90;ENSMUST00000100770_90_90
ENSCAFT00000014133_90_90;1.0;0.991;0.767;0.156;0.984;0.314;0.364;0.993;1.0
ENST00000351677_90_90;0.991;1.0;0.775;0.16;0.993;0.315;0.36;0.984;0.991
ENST00000392597_90_90;0.767;0.775;1.0;0.205;0.77;0.232;0.463;0.762;0.767
ENST00000530818_90_90;0.156;0.16;0.205;1.0;0.159;0.0;0.221;0.155;0.156
ENST00000635625_90_90;0.984;0.993;0.77;0.159;1.0;0.322;0.357;0.991;0.984
ENST00000635652_90_90;0.314;0.315;0.232;0.0;0.322;1.0;0.0;0.32;0.314
ENST00000639857_90_90;0.364;0.36;0.463;0.221;0.357;0.0;1.0;0.362;0.364
ENSMUST00000054547_90_90;0.993;0.984;0.762;0.155;0.991;0.32;0.362;1.0;0.993
ENSMUST00000100770_90_90;1.0;0.991;0.767;0.156;0.984;0.314;0.364;0.993;1.0
