;ENSCAFT00000018483_90_90;ENST00000274000_90_90;ENST00000309703_90_90;ENST00000512741_90_90;ENSMUST00000051737_90_90;ENSMUST00000196392_90_90;ENSMUST00000200409_90_90
ENSCAFT00000018483_90_90;1.0;0.999;0.89;0.242;0.991;0.104;0.881
ENST00000274000_90_90;0.999;1.0;0.891;0.24;0.992;0.106;0.882
ENST00000309703_90_90;0.89;0.891;1.0;0.269;0.882;0.119;0.991
ENST00000512741_90_90;0.242;0.24;0.269;1.0;0.245;0.0;0.276
ENSMUST00000051737_90_90;0.991;0.992;0.882;0.245;1.0;0.096;0.889
ENSMUST00000196392_90_90;0.104;0.106;0.119;0.0;0.096;1.0;0.108
ENSMUST00000200409_90_90;0.881;0.882;0.991;0.276;0.889;0.108;1.0
