;ENSCAFT00000000140_90_90;ENST00000266970_90_90;ENST00000354056_90_90;ENST00000440311_90_90;ENST00000553376_90_90;ENST00000555357_90_90;ENST00000555408_90_90;ENSMUST00000026415_90_90;ENSMUST00000026416_90_90
ENSCAFT00000000140_90_90;1.0;0.998;0.884;0.797;0.859;0.128;0.128;0.998;0.859
ENST00000266970_90_90;0.998;1.0;0.886;0.799;0.861;0.13;0.13;1.0;0.861
ENST00000354056_90_90;0.884;0.886;1.0;0.902;0.763;0.146;0.146;0.886;0.763
ENST00000440311_90_90;0.797;0.799;0.902;1.0;0.688;0.162;0.162;0.799;0.688
ENST00000553376_90_90;0.859;0.861;0.763;0.688;1.0;0.112;0.112;0.861;1.0
ENST00000555357_90_90;0.128;0.13;0.146;0.162;0.112;1.0;1.0;0.13;0.112
ENST00000555408_90_90;0.128;0.13;0.146;0.162;0.112;1.0;1.0;0.13;0.112
ENSMUST00000026415_90_90;0.998;1.0;0.886;0.799;0.861;0.13;0.13;1.0;0.861
ENSMUST00000026416_90_90;0.859;0.861;0.763;0.688;1.0;0.112;0.112;0.861;1.0
