;ENSCAFT00000018712_90_90;ENST00000236017_90_90;ENST00000360244_90_90;ENST00000369109_90_90;ENST00000414276_90_90;ENSMUST00000015894_90_90;ENSMUST00000056710_90_90;ENSMUST00000197081_90_90
ENSCAFT00000018712_90_90;1.0;0.375;0.778;0.778;0.556;0.778;0.778;0.25
ENST00000236017_90_90;0.375;1.0;0.375;0.375;0.286;0.375;0.375;0.25
ENST00000360244_90_90;0.778;0.375;1.0;0.6;0.4;1.0;0.6;0.25
ENST00000369109_90_90;0.778;0.375;0.6;1.0;0.75;0.6;1.0;0.25
ENST00000414276_90_90;0.556;0.286;0.4;0.75;1.0;0.4;0.75;0.333
ENSMUST00000015894_90_90;0.778;0.375;1.0;0.6;0.4;1.0;0.6;0.25
ENSMUST00000056710_90_90;0.778;0.375;0.6;1.0;0.75;0.6;1.0;0.25
ENSMUST00000197081_90_90;0.25;0.25;0.25;0.25;0.333;0.25;0.25;1.0
