;transcript8_ENSMPUG00000020072;transcript8_ENSECAG00000007947;transcript8_ENSMLUG00000027828;transcript8_ENSLAFG00000030854;transcript33_ENSECAG00000007947;transcript13_ENSCCNG00000000226;transcript12_ENSCPOG00000024843;transcript27_ENSCPOG00000024843;transcript34_ENSCPOG00000024843
transcript8_ENSMPUG00000020072;1.0;0.925;1.0;1.0;0.925;1.0;1.0;1.0;1.0
transcript8_ENSECAG00000007947;0.925;1.0;0.921;0.929;1.0;0.522;0.791;0.629;0.632
transcript8_ENSMLUG00000027828;1.0;0.921;1.0;1.0;0.921;1.0;1.0;1.0;1.0
transcript8_ENSLAFG00000030854;1.0;0.929;1.0;1.0;0.929;1.0;1.0;1.0;1.0
transcript33_ENSECAG00000007947;0.925;1.0;0.921;0.929;1.0;0.522;0.791;0.629;0.632
transcript13_ENSCCNG00000000226;1.0;0.522;1.0;1.0;0.522;1.0;0.585;0.8;0.8
transcript12_ENSCPOG00000024843;1.0;0.791;1.0;1.0;0.791;0.585;1.0;0.754;0.757
transcript27_ENSCPOG00000024843;1.0;0.629;1.0;1.0;0.629;0.8;0.754;1.0;0.997
transcript34_ENSCPOG00000024843;1.0;0.632;1.0;1.0;0.632;0.8;0.757;0.997;1.0
