;transcript32_ENSCPOG00000024843;transcript29_ENSCCNG00000000226;transcript30_ENSCCNG00000000226;transcript36_ENSCCNG00000000226;transcript37_ENSCCNG00000000226;transcript8_ENSCPOG00000024843;transcript30_ENSCPOG00000024843
transcript32_ENSCPOG00000024843;1.0;0.513;0.481;0.481;0.444;0.941;0.941
transcript29_ENSCCNG00000000226;0.513;1.0;0.938;0.938;0.865;0.495;0.495
transcript30_ENSCCNG00000000226;0.481;0.938;1.0;1.0;0.922;0.511;0.511
transcript36_ENSCCNG00000000226;0.481;0.938;1.0;1.0;0.922;0.511;0.511
transcript37_ENSCCNG00000000226;0.444;0.865;0.922;0.922;1.0;0.472;0.472
transcript8_ENSCPOG00000024843;0.941;0.495;0.511;0.511;0.472;1.0;1.0
transcript30_ENSCPOG00000024843;0.941;0.495;0.511;0.511;0.472;1.0;1.0
