;transcript1_ENSMPUG00000020072;transcript1_ENSMLUG00000027828;transcript10_ENSMLUG00000027828;transcript1_ENSCCNG00000000226;transcript7_ENSCCNG00000000226;transcript15_ENSCCNG00000000226;transcript1_ENSLAFG00000030854
transcript1_ENSMPUG00000020072;1.0;0.73;0.696;0.758;0.758;0.753;0.865
transcript1_ENSMLUG00000027828;0.73;1.0;0.947;0.722;0.719;0.716;0.834
transcript10_ENSMLUG00000027828;0.696;0.947;1.0;0.691;0.688;0.684;0.79
transcript1_ENSCCNG00000000226;0.758;0.722;0.691;1.0;0.996;0.99;0.869
transcript7_ENSCCNG00000000226;0.758;0.719;0.688;0.996;1.0;0.994;0.865
transcript15_ENSCCNG00000000226;0.753;0.716;0.684;0.99;0.994;1.0;0.86
transcript1_ENSLAFG00000030854;0.865;0.834;0.79;0.869;0.865;0.86;1.0
