;ENSCAFT00000018483_90_90;ENST00000274000_90_90;ENST00000309703_90_90;ENST00000512741_90_90;ENSMUST00000051737_90_90;ENSMUST00000196392_90_90;ENSMUST00000200409_90_90
ENSCAFT00000018483_90_90;1.0;0.882;0.824;0.176;0.625;0.294;0.562
ENST00000274000_90_90;0.882;1.0;0.938;0.111;0.529;0.294;0.471
ENST00000309703_90_90;0.824;0.938;1.0;0.118;0.471;0.312;0.5
ENST00000512741_90_90;0.176;0.111;0.118;1.0;0.167;0.0;0.182
ENSMUST00000051737_90_90;0.625;0.529;0.471;0.167;1.0;0.231;0.9
ENSMUST00000196392_90_90;0.294;0.294;0.312;0.0;0.231;1.0;0.25
ENSMUST00000200409_90_90;0.562;0.471;0.5;0.182;0.9;0.25;1.0
