;ENSCAFT00000024046_90_90;ENST00000295987_90_90;ENST00000340666_90_90;ENST00000639776_90_90;ENST00000640721_90_90;ENSMUST00000081893_90_90;ENSMUST00000115345_90_90
ENSCAFT00000024046_90_90;1.0;0.806;0.898;0.158;0.123;0.848;0.949
ENST00000295987_90_90;0.806;1.0;0.883;0.143;0.176;0.958;0.849
ENST00000340666_90_90;0.898;0.883;1.0;0.158;0.123;0.849;0.95
ENST00000639776_90_90;0.158;0.143;0.158;1.0;0.0;0.14;0.152
ENST00000640721_90_90;0.123;0.176;0.123;0.0;1.0;0.164;0.114
ENSMUST00000081893_90_90;0.848;0.958;0.849;0.14;0.164;1.0;0.891
ENSMUST00000115345_90_90;0.949;0.849;0.95;0.152;0.114;0.891;1.0
