transcripts;transcript12_ppan;transcript19_ppan;transcript20_ppan;transcript12_ptro;transcript12_hsap;transcript18_hsap;transcript19_hsap;transcript20_hsap;transcript21_hsap;transcript11_ggor;transcript12_ggor;transcript16_ggor;transcript17_ggor;transcript18_ggor;transcript19_ggor;transcript8_pabe
transcript12_ppan;1.0;0.984;0.948;0.518;0.558;0.538;0.722;0.509;0.558;0.394;0.552;0.523;0.523;0.404;0.558;0.543
transcript19_ppan;0.984;1.0;0.933;0.507;0.549;0.529;0.731;0.5;0.549;0.383;0.543;0.514;0.514;0.394;0.549;0.534
transcript20_ppan;0.948;0.933;1.0;0.482;0.529;0.509;0.683;0.524;0.529;0.36;0.523;0.539;0.539;0.369;0.576;0.515
transcript12_ptro;0.518;0.507;0.482;1.0;0.645;0.625;0.395;0.596;0.645;0.81;0.64;0.611;0.611;0.837;0.652;0.631
transcript12_hsap;0.558;0.549;0.529;0.645;1.0;0.98;0.704;0.951;1.0;0.579;0.976;0.947;0.947;0.592;0.89;0.974
transcript18_hsap;0.538;0.529;0.509;0.625;0.98;1.0;0.718;0.971;0.98;0.559;0.956;0.927;0.927;0.572;0.87;0.955
transcript19_hsap;0.722;0.731;0.683;0.395;0.704;0.718;1.0;0.688;0.704;0.298;0.692;0.663;0.663;0.304;0.604;0.685
transcript20_hsap;0.509;0.5;0.524;0.596;0.951;0.971;0.688;1.0;0.951;0.531;0.927;0.955;0.955;0.543;0.895;0.927
transcript21_hsap;0.558;0.549;0.529;0.645;1.0;0.98;0.704;0.951;1.0;0.579;0.976;0.947;0.947;0.592;0.89;0.974
transcript11_ggor;0.394;0.383;0.36;0.81;0.579;0.559;0.298;0.531;0.579;1.0;0.591;0.563;0.563;0.964;0.6;0.601
transcript12_ggor;0.552;0.543;0.523;0.64;0.976;0.956;0.692;0.927;0.976;0.591;1.0;0.971;0.971;0.604;0.908;0.959
transcript16_ggor;0.523;0.514;0.539;0.611;0.947;0.927;0.663;0.955;0.947;0.563;0.971;1.0;1.0;0.575;0.935;0.931
transcript17_ggor;0.523;0.514;0.539;0.611;0.947;0.927;0.663;0.955;0.947;0.563;0.971;1.0;1.0;0.575;0.935;0.931
transcript18_ggor;0.404;0.394;0.369;0.837;0.592;0.572;0.304;0.543;0.592;0.964;0.604;0.575;0.575;1.0;0.614;0.58
transcript19_ggor;0.558;0.549;0.576;0.652;0.89;0.87;0.604;0.895;0.89;0.6;0.908;0.935;0.935;0.614;1.0;0.871
transcript8_pabe;0.543;0.534;0.515;0.631;0.974;0.955;0.685;0.927;0.974;0.601;0.959;0.931;0.931;0.58;0.871;1.0
