;ENSCAFT00000018483_90_90;ENST00000274000_90_90;ENST00000309703_90_90;ENST00000512741_90_90;ENSMUST00000051737_90_90;ENSMUST00000196392_90_90;ENSMUST00000200409_90_90
ENSCAFT00000018483_90_90;1.0;0.938;0.875;0.188;0.833;0.417;0.75
ENST00000274000_90_90;0.938;1.0;0.938;0.111;0.75;0.455;0.667
ENST00000309703_90_90;0.875;0.938;1.0;0.118;0.667;0.5;0.727
ENST00000512741_90_90;0.188;0.111;0.118;1.0;0.2;0.0;0.222
ENSMUST00000051737_90_90;0.833;0.75;0.667;0.2;1.0;0.231;0.9
ENSMUST00000196392_90_90;0.417;0.455;0.5;0.0;0.231;1.0;0.25
ENSMUST00000200409_90_90;0.75;0.667;0.727;0.222;0.9;0.25;1.0
