;ENSCAFT00000000525_90_90;ENST00000265866_90_90;ENST00000354695_90_90;ENSMUST00000020263_90_90;ENSMUST00000118898_90_90;ENSMUST00000119814_90_90;ENSMUST00000140743_90_90
ENSCAFT00000000525_90_90;1.0;1.0;0.907;0.999;0.894;0.269;0.269
ENST00000265866_90_90;1.0;1.0;0.907;0.999;0.894;0.269;0.269
ENST00000354695_90_90;0.907;0.907;1.0;0.894;0.999;0.307;0.307
ENSMUST00000020263_90_90;0.999;0.999;0.894;1.0;0.907;0.245;0.245
ENSMUST00000118898_90_90;0.894;0.894;0.999;0.907;1.0;0.274;0.274
ENSMUST00000119814_90_90;0.269;0.269;0.307;0.245;0.274;1.0;1.0
ENSMUST00000140743_90_90;0.269;0.269;0.307;0.245;0.274;1.0;1.0
