;ENSCAFT00000008032_90_90;ENST00000345008_90_90;ENST00000397463_90_90;ENST00000449209_90_90;ENSMUST00000027582_90_90;ENSMUST00000159417_90_90;ENSMUST00000159529_90_90;ENSMUST00000161361_90_90;ENSMUST00000162899_90_90
ENSCAFT00000008032_90_90;1.0;0.375;0.875;0.5;0.571;1.0;0.571;0.429;0.571
ENST00000345008_90_90;0.375;1.0;0.444;0.0;1.0;0.429;1.0;0.667;1.0
ENST00000397463_90_90;0.875;0.444;1.0;0.364;0.429;1.0;0.429;0.286;0.429
ENST00000449209_90_90;0.5;0.0;0.364;1.0;0.0;0.429;0.0;0.0;0.0
ENSMUST00000027582_90_90;0.571;1.0;0.429;0.0;1.0;0.444;1.0;0.75;1.0
ENSMUST00000159417_90_90;1.0;0.429;1.0;0.429;0.444;1.0;0.444;0.333;0.444
ENSMUST00000159529_90_90;0.571;1.0;0.429;0.0;1.0;0.444;1.0;0.75;1.0
ENSMUST00000161361_90_90;0.429;0.667;0.286;0.0;0.75;0.333;0.75;1.0;0.75
ENSMUST00000162899_90_90;0.571;1.0;0.429;0.0;1.0;0.444;1.0;0.75;1.0
