;ENSCAFT00000010521_90_90;ENST00000318522_90_90;ENST00000401738_90_90;ENST00000402711_90_90;ENSMUST00000049503_90_90;ENSMUST00000096766_90_90;ENSMUST00000112363_90_90
ENSCAFT00000010521_90_90;1.0;0.999;0.989;0.94;0.892;0.985;0.936
ENST00000318522_90_90;0.999;1.0;0.989;0.941;0.893;0.985;0.937
ENST00000401738_90_90;0.989;0.989;1.0;0.93;0.883;0.996;0.926
ENST00000402711_90_90;0.94;0.941;0.93;1.0;0.949;0.926;0.996
ENSMUST00000049503_90_90;0.892;0.893;0.883;0.949;1.0;0.887;0.953
ENSMUST00000096766_90_90;0.985;0.985;0.996;0.926;0.887;1.0;0.93
ENSMUST00000112363_90_90;0.936;0.937;0.926;0.996;0.953;0.93;1.0
