;transcript5_ENSHGLG00100003156;transcript19_ENSHGLG00100003156;transcript5_ENSHGLG00100006079;transcript16_ENSHGLG00100006079;transcript17_ENSHGLG00100006079;transcript18_ENSHGLG00100006079;transcript5_ENSPCIG00000036398;transcript13_ENSMUNG00000002391
transcript5_ENSHGLG00100003156;1.0;0.994;0.819;0.545;0.546;0.74;0.845;1.0
transcript19_ENSHGLG00100003156;0.994;1.0;0.813;0.54;0.54;0.734;0.839;0.994
transcript5_ENSHGLG00100006079;0.819;0.813;1.0;0.667;0.627;0.915;0.701;0.819
transcript16_ENSHGLG00100006079;0.545;0.54;0.667;1.0;0.295;0.583;0.422;0.545
transcript17_ENSHGLG00100006079;0.546;0.54;0.627;0.295;1.0;0.543;0.615;0.546
transcript18_ENSHGLG00100006079;0.74;0.734;0.915;0.583;0.543;1.0;0.621;0.74
transcript5_ENSPCIG00000036398;0.845;0.839;0.701;0.422;0.615;0.621;1.0;0.845
transcript13_ENSMUNG00000002391;1.0;0.994;0.819;0.545;0.546;0.74;0.845;1.0
