;ENSCAFT00000010521_90_90;ENST00000318522_90_90;ENST00000401738_90_90;ENST00000402711_90_90;ENSMUST00000049503_90_90;ENSMUST00000096766_90_90;ENSMUST00000112363_90_90
ENSCAFT00000010521_90_90;1.0;0.889;0.895;0.803;0.668;0.843;0.746
ENST00000318522_90_90;0.889;1.0;0.895;0.908;0.759;0.843;0.844
ENST00000401738_90_90;0.895;0.895;1.0;0.815;0.692;0.948;0.763
ENST00000402711_90_90;0.803;0.908;0.815;1.0;0.831;0.763;0.926
ENSMUST00000049503_90_90;0.668;0.759;0.692;0.831;1.0;0.722;0.893
ENSMUST00000096766_90_90;0.843;0.843;0.948;0.763;0.722;1.0;0.798
ENSMUST00000112363_90_90;0.746;0.844;0.763;0.926;0.893;0.798;1.0
