;ENSCAFT00000014796_90_90;ENST00000330622_90_90;ENST00000427718_90_90;ENST00000548840_90_90;ENST00000550180_90_90;ENST00000622495_90_90;ENSMUST00000035579_90_90;ENSMUST00000201611_90_90;ENSMUST00000202447_90_90
ENSCAFT00000014796_90_90;1.0;1.0;0.7;0.4;0.6;0.9;0.9;0.6;1.0
ENST00000330622_90_90;1.0;1.0;0.692;0.429;0.615;0.846;0.833;0.583;1.0
ENST00000427718_90_90;0.7;0.692;1.0;0.333;0.7;0.818;0.8;0.667;0.667
ENST00000548840_90_90;0.4;0.429;0.333;1.0;0.25;0.286;0.333;0.3;0.5
ENST00000550180_90_90;0.6;0.615;0.7;0.25;1.0;0.727;0.7;1.0;0.583
ENST00000622495_90_90;0.9;0.846;0.818;0.286;0.727;1.0;1.0;0.7;0.833
ENSMUST00000035579_90_90;0.9;0.833;0.8;0.333;0.7;1.0;1.0;0.7;0.833
ENSMUST00000201611_90_90;0.6;0.583;0.667;0.3;1.0;0.7;0.7;1.0;0.583
ENSMUST00000202447_90_90;1.0;1.0;0.667;0.5;0.583;0.833;0.833;0.583;1.0
