;ENSCAFT00000024046_90_90;ENST00000295987_90_90;ENST00000340666_90_90;ENST00000639776_90_90;ENST00000640721_90_90;ENSMUST00000081893_90_90;ENSMUST00000115345_90_90
ENSCAFT00000024046_90_90;1.0;0.562;0.615;0.091;0.167;0.625;0.692
ENST00000295987_90_90;0.562;1.0;0.733;0.062;0.267;0.938;0.688
ENST00000340666_90_90;0.615;0.733;1.0;0.083;0.25;0.688;0.917
ENST00000639776_90_90;0.091;0.062;0.083;1.0;0.0;0.059;0.077
ENST00000640721_90_90;0.167;0.267;0.25;0.0;1.0;0.25;0.231
ENSMUST00000081893_90_90;0.625;0.938;0.688;0.059;0.25;1.0;0.75
ENSMUST00000115345_90_90;0.692;0.688;0.917;0.077;0.231;0.75;1.0
