;ENSCAFT00000009854_90_90;ENST00000228280_90_90;ENST00000347404_90_90;ENST00000357116_90_90;ENST00000552044_90_90;ENSMUST00000020129_90_90;ENSMUST00000105283_90_90;ENSMUST00000130190_90_90;ENSMUST00000218200_90_90
ENSCAFT00000009854_90_90;1.0;1.0;0.889;0.111;0.111;0.9;1.0;0.5;0.1
ENST00000228280_90_90;1.0;1.0;0.9;0.1;0.1;0.889;1.0;0.444;0.111
ENST00000347404_90_90;0.889;0.9;1.0;0.111;0.111;1.0;0.889;0.5;0.125
ENST00000357116_90_90;0.111;0.1;0.111;1.0;0.0;0.125;0.111;0.0;1.0
ENST00000552044_90_90;0.111;0.1;0.111;0.0;1.0;0.125;0.111;0.25;0.0
ENSMUST00000020129_90_90;0.9;0.889;1.0;0.125;0.125;1.0;0.9;0.5;0.111
ENSMUST00000105283_90_90;1.0;1.0;0.889;0.111;0.111;0.9;1.0;0.455;0.1
ENSMUST00000130190_90_90;0.5;0.444;0.5;0.0;0.25;0.5;0.455;1.0;0.0
ENSMUST00000218200_90_90;0.1;0.111;0.125;1.0;0.0;0.111;0.1;0.0;1.0
