;ENSCAFT00000014796_90_90;ENST00000330622_90_90;ENST00000427718_90_90;ENST00000548840_90_90;ENST00000550180_90_90;ENST00000622495_90_90;ENSMUST00000035579_90_90;ENSMUST00000201611_90_90;ENSMUST00000202447_90_90
ENSCAFT00000014796_90_90;1.0;1.0;0.781;0.37;0.705;0.949;0.949;0.705;1.0
ENST00000330622_90_90;1.0;1.0;0.773;0.386;0.709;0.917;0.911;0.693;1.0
ENST00000427718_90_90;0.781;0.773;1.0;0.357;0.772;0.841;0.833;0.756;0.761
ENST00000548840_90_90;0.37;0.386;0.357;1.0;0.266;0.308;0.334;0.293;0.423
ENST00000550180_90_90;0.705;0.709;0.772;0.266;1.0;0.77;0.756;1.0;0.693
ENST00000622495_90_90;0.949;0.917;0.841;0.308;0.77;1.0;1.0;0.756;0.911
ENSMUST00000035579_90_90;0.949;0.911;0.833;0.334;0.756;1.0;1.0;0.756;0.911
ENSMUST00000201611_90_90;0.705;0.693;0.756;0.293;1.0;0.756;0.756;1.0;0.693
ENSMUST00000202447_90_90;1.0;1.0;0.761;0.423;0.693;0.911;0.911;0.693;1.0
