;ENSCAFT00000001910_90_90;ENST00000374021_90_90;ENST00000374023_90_90;ENST00000374026_90_90;ENSMUST00000075076_90_90;ENSMUST00000114859_90_90;ENSMUST00000114863_90_90
ENSCAFT00000001910_90_90;1.0;0.782;0.999;0.84;0.99;0.617;0.834
ENST00000374021_90_90;0.782;1.0;0.733;0.587;0.726;0.357;0.574
ENST00000374023_90_90;0.999;0.733;1.0;0.854;0.99;0.617;0.834
ENST00000374026_90_90;0.84;0.587;0.854;1.0;0.831;0.461;0.677
ENSMUST00000075076_90_90;0.99;0.726;0.99;0.831;1.0;0.554;0.739
ENSMUST00000114859_90_90;0.617;0.357;0.617;0.461;0.554;1.0;0.771
ENSMUST00000114863_90_90;0.834;0.574;0.834;0.677;0.739;0.771;1.0
