;ENSCAFT00000018483_90_90;ENST00000274000_90_90;ENST00000309703_90_90;ENST00000512741_90_90;ENSMUST00000051737_90_90;ENSMUST00000196392_90_90;ENSMUST00000200409_90_90
ENSCAFT00000018483_90_90;1.0;1.0;0.917;0.083;0.9;0.3;0.8
ENST00000274000_90_90;1.0;1.0;0.923;0.071;0.909;0.364;0.818
ENST00000309703_90_90;0.917;0.923;1.0;0.077;0.818;0.4;0.9
ENST00000512741_90_90;0.083;0.071;0.077;1.0;0.1;0.0;0.111
ENSMUST00000051737_90_90;0.9;0.909;0.818;0.1;1.0;0.308;0.909
ENSMUST00000196392_90_90;0.3;0.364;0.4;0.0;0.308;1.0;0.333
ENSMUST00000200409_90_90;0.8;0.818;0.9;0.111;0.909;0.333;1.0
