;ENSCAFT00000030629_90_90;ENST00000164640_90_90;ENST00000393758_90_90;ENST00000480650_90_90;ENST00000544474_90_90;ENSMUST00000002080_90_90;ENSMUST00000114438_90_90
ENSCAFT00000030629_90_90;1.0;0.788;0.782;0.018;0.83;1.0;0.856
ENST00000164640_90_90;0.788;1.0;0.992;0.125;0.858;0.79;0.811
ENST00000393758_90_90;0.782;0.992;1.0;0.132;0.852;0.784;0.805
ENST00000480650_90_90;0.018;0.125;0.132;1.0;0.026;0.018;0.02
ENST00000544474_90_90;0.83;0.858;0.852;0.026;1.0;0.831;0.942
ENSMUST00000002080_90_90;1.0;0.79;0.784;0.018;0.831;1.0;0.851
ENSMUST00000114438_90_90;0.856;0.811;0.805;0.02;0.942;0.851;1.0
