;ENSCAFT00000000309_90_90;ENSCAFT00000019817_90_90;ENSCAFT00000022132_90_90;ENST00000257414_90_90;ENST00000343348_90_90;ENST00000503865_90_90;ENST00000509665_90_90;ENST00000510263_90_90;ENST00000513137_90_90;ENST00000515009_90_90;ENST00000515129_90_90;ENST00000316364_90_90;ENST00000354744_90_90;ENST00000355997_90_90;ENST00000358066_90_90;ENST00000389425_90_90;ENST00000389428_90_90;ENST00000536845_90_90;ENST00000558014_90_90;ENST00000558816_90_90;ENST00000559064_90_90;ENST00000559184_90_90;ENST00000559196_90_90;ENST00000560006_90_90;ENST00000560636_90_90;ENST00000561133_90_90;ENST00000341697_90_90;ENST00000368912_90_90;ENST00000368913_90_90;ENST00000368914_90_90;ENST00000613223_90_90;ENST00000621728_90_90;ENSMUST00000019791_90_90;ENSMUST00000076043_90_90;ENSMUST00000115449_90_90;ENSMUST00000123228_90_90;ENSMUST00000126684_90_90;ENSMUST00000135790_90_90;ENSMUST00000156422_90_90;ENSMUST00000051419_90_90;ENSMUST00000076335_90_90;ENSMUST00000077847_90_90;ENSMUST00000078621_90_90;ENSMUST00000103238_90_90;ENSMUST00000103239_90_90;ENSMUST00000103240_90_90;ENSMUST00000103241_90_90;ENSMUST00000090821_90_90;ENSMUST00000090823_90_90;ENSMUST00000107217_90_90;ENSMUST00000131620_90_90;ENSMUST00000131742_90_90;ENSMUST00000142449_90_90;ENSMUST00000168321_90_90;ENSMUST00000202315_90_90;ENSMUST00000204709_90_90
ENSCAFT00000000309_90_90;1.0;1.0;1.0;0.986;0.986;0.572;0.116;0.986;0.652;0.13;0.717;0.983;0.892;0.367;0.892;0.267;0.883;0.983;0.892;0.367;0.05;0.033;0.158;0.217;0.0;0.125;0.94;0.98;1.0;0.94;0.37;0.36;0.993;0.906;0.957;0.159;0.145;0.993;0.993;0.9;0.892;0.983;0.908;0.983;0.992;0.975;0.892;0.939;1.0;0.98;0.092;0.041;0.133;1.0;0.939;0.133
ENSCAFT00000019817_90_90;1.0;1.0;1.0;0.98;0.98;0.539;0.137;0.98;0.598;0.157;0.696;0.981;0.904;0.375;0.894;0.279;0.885;0.981;0.894;0.375;0.058;0.038;0.173;0.221;0.0;0.135;0.949;0.983;1.0;0.949;0.381;0.373;0.981;0.913;0.951;0.136;0.175;0.981;0.981;0.904;0.894;0.971;0.923;0.971;0.99;0.971;0.894;0.949;1.0;0.983;0.094;0.051;0.137;1.0;0.949;0.137
ENSCAFT00000022132_90_90;1.0;1.0;1.0;0.968;0.952;0.54;0.113;0.952;0.629;0.129;0.685;0.973;0.879;0.322;0.859;0.228;0.839;0.973;0.859;0.322;0.087;0.034;0.134;0.248;0.0;0.107;0.941;0.98;1.0;0.941;0.382;0.373;0.96;0.88;0.944;0.152;0.144;0.976;0.96;0.861;0.841;0.934;0.907;0.934;0.98;0.967;0.841;0.94;1.0;0.98;0.08;0.04;0.12;1.0;0.94;0.12
ENST00000257414_90_90;0.986;0.98;0.968;1.0;0.972;0.542;0.113;0.972;0.616;0.127;0.704;0.959;0.908;0.352;0.892;0.267;0.883;0.959;0.892;0.352;0.067;0.033;0.158;0.211;0.0;0.125;0.939;0.96;0.98;0.939;0.378;0.367;0.965;0.894;0.909;0.155;0.142;0.993;0.965;0.9;0.892;0.943;0.917;0.943;0.96;0.959;0.892;0.938;0.98;0.959;0.094;0.042;0.135;0.98;0.938;0.135
ENST00000343348_90_90;0.986;0.98;0.952;0.972;1.0;0.557;0.116;1.0;0.634;0.13;0.725;0.943;0.892;0.358;0.907;0.271;0.898;0.943;0.907;0.358;0.05;0.034;0.161;0.195;0.0;0.127;0.939;0.96;0.98;0.939;0.378;0.367;0.993;0.92;0.935;0.159;0.146;0.965;0.993;0.915;0.907;0.959;0.901;0.959;0.944;0.943;0.907;0.938;0.98;0.959;0.094;0.042;0.135;0.98;0.938;0.135
ENST00000503865_90_90;0.572;0.539;0.54;0.542;0.557;1.0;0.0;0.557;0.812;0.0;0.765;0.554;0.6;0.009;0.611;0.0;0.617;0.554;0.611;0.009;0.0;0.0;0.0;0.116;0.0;0.0;0.558;0.551;0.54;0.558;0.23;0.216;0.572;0.614;0.598;0.01;0.0;0.556;0.572;0.606;0.611;0.563;0.584;0.563;0.545;0.541;0.611;0.548;0.531;0.542;0.0;0.0;0.0;0.531;0.548;0.0
ENST00000509665_90_90;0.116;0.137;0.113;0.113;0.116;0.0;1.0;0.116;0.0;0.889;0.0;0.116;0.128;0.311;0.131;0.438;0.132;0.116;0.131;0.311;0.0;0.286;0.737;0.0;0.0;0.933;0.138;0.133;0.13;0.138;0.351;0.361;0.116;0.127;0.121;0.0;0.8;0.113;0.116;0.13;0.131;0.118;0.125;0.118;0.114;0.116;0.131;0.141;0.133;0.135;0.692;0.308;1.0;0.133;0.141;1.0
ENST00000510263_90_90;0.986;0.98;0.952;0.972;1.0;0.557;0.116;1.0;0.634;0.13;0.725;0.943;0.892;0.358;0.907;0.271;0.898;0.943;0.907;0.358;0.05;0.034;0.161;0.195;0.0;0.127;0.939;0.96;0.98;0.939;0.378;0.367;0.993;0.92;0.935;0.159;0.146;0.965;0.993;0.915;0.907;0.959;0.901;0.959;0.944;0.943;0.907;0.938;0.98;0.959;0.094;0.042;0.135;0.98;0.938;0.135
ENST00000513137_90_90;0.652;0.598;0.629;0.616;0.634;0.812;0.0;0.634;1.0;0.0;0.672;0.636;0.55;0.043;0.559;0.0;0.564;0.636;0.559;0.043;0.0;0.0;0.0;0.233;0.0;0.0;0.556;0.612;0.6;0.556;0.212;0.2;0.64;0.565;0.682;0.108;0.0;0.622;0.64;0.55;0.555;0.642;0.545;0.642;0.634;0.631;0.555;0.546;0.592;0.604;0.0;0.0;0.0;0.592;0.546;0.0
ENST00000515009_90_90;0.13;0.157;0.129;0.127;0.13;0.0;0.889;0.13;0.0;1.0;0.0;0.132;0.147;0.356;0.15;0.5;0.151;0.132;0.15;0.356;0.0;0.25;0.842;0.0;0.0;0.938;0.16;0.153;0.15;0.16;0.405;0.417;0.13;0.143;0.136;0.0;0.9;0.127;0.13;0.148;0.15;0.134;0.143;0.134;0.13;0.132;0.15;0.163;0.153;0.156;0.6;0.267;0.867;0.153;0.163;0.867
ENST00000515129_90_90;0.717;0.696;0.685;0.704;0.725;0.765;0.0;0.725;0.672;0.0;1.0;0.675;0.748;0.15;0.761;0.073;0.752;0.675;0.761;0.15;0.069;0.0;0.0;0.152;0.0;0.0;0.745;0.714;0.7;0.745;0.202;0.178;0.725;0.794;0.669;0.098;0.0;0.704;0.725;0.771;0.761;0.686;0.759;0.686;0.677;0.689;0.761;0.739;0.694;0.708;0.0;0.0;0.0;0.694;0.739;0.0
ENST00000316364_90_90;0.983;0.981;0.973;0.959;0.943;0.554;0.116;0.943;0.636;0.132;0.675;1.0;0.905;0.331;0.841;0.221;0.858;1.0;0.841;0.331;0.072;0.034;0.135;0.24;0.0;0.108;0.922;0.961;0.98;0.922;0.39;0.38;0.944;0.864;0.928;0.145;0.146;0.96;0.944;0.839;0.856;0.952;0.879;0.952;0.993;0.979;0.856;0.92;0.98;0.96;0.082;0.041;0.122;0.98;0.92;0.122
ENST00000354744_90_90;0.892;0.904;0.879;0.908;0.892;0.6;0.128;0.892;0.55;0.147;0.748;0.905;1.0;0.326;0.927;0.244;0.948;0.905;0.927;0.326;0.08;0.037;0.149;0.147;0.0;0.119;0.958;0.882;0.902;0.958;0.424;0.413;0.871;0.947;0.84;0.065;0.161;0.887;0.871;0.926;0.947;0.856;0.97;0.856;0.897;0.91;0.947;0.957;0.9;0.88;0.089;0.044;0.133;0.9;0.957;0.133
ENST00000355997_90_90;0.367;0.375;0.322;0.352;0.358;0.009;0.311;0.358;0.043;0.356;0.15;0.331;0.326;1.0;0.336;0.66;0.344;0.331;0.336;1.0;0.067;0.102;0.408;0.115;0.0;0.327;0.381;0.353;0.373;0.381;0.328;0.333;0.355;0.363;0.328;0.167;0.409;0.35;0.355;0.331;0.338;0.343;0.317;0.343;0.329;0.333;0.338;0.389;0.38;0.36;0.211;0.105;0.316;0.38;0.389;0.316
ENST00000358066_90_90;0.892;0.894;0.859;0.892;0.907;0.611;0.131;0.907;0.559;0.15;0.761;0.841;0.927;0.336;1.0;0.252;0.977;0.841;1.0;0.336;0.051;0.038;0.154;0.113;0.0;0.123;0.948;0.873;0.892;0.948;0.429;0.418;0.9;0.982;0.852;0.067;0.167;0.885;0.9;0.992;0.969;0.874;0.948;0.874;0.839;0.85;0.969;0.947;0.89;0.87;0.09;0.045;0.135;0.89;0.947;0.135
ENST00000389425_90_90;0.267;0.279;0.228;0.267;0.271;0.0;0.438;0.271;0.0;0.5;0.073;0.221;0.244;0.66;0.252;1.0;0.258;0.221;0.252;0.66;0.0;0.147;0.588;0.0;0.0;0.471;0.292;0.255;0.275;0.292;0.396;0.404;0.267;0.291;0.23;0.0;0.562;0.262;0.267;0.264;0.27;0.243;0.252;0.243;0.233;0.236;0.27;0.298;0.28;0.26;0.286;0.143;0.429;0.28;0.298;0.429
ENST00000389428_90_90;0.883;0.885;0.839;0.883;0.898;0.617;0.132;0.898;0.564;0.151;0.752;0.858;0.948;0.344;0.977;0.258;1.0;0.858;0.977;0.344;0.029;0.039;0.157;0.1;0.0;0.126;0.938;0.863;0.882;0.938;0.433;0.422;0.892;0.973;0.844;0.059;0.168;0.877;0.892;0.969;0.992;0.893;0.926;0.893;0.856;0.868;0.992;0.936;0.88;0.86;0.091;0.045;0.136;0.88;0.936;0.136
ENST00000536845_90_90;0.983;0.981;0.973;0.959;0.943;0.554;0.116;0.943;0.636;0.132;0.675;1.0;0.905;0.331;0.841;0.221;0.858;1.0;0.841;0.331;0.072;0.034;0.135;0.24;0.0;0.108;0.922;0.961;0.98;0.922;0.39;0.38;0.944;0.864;0.928;0.145;0.146;0.96;0.944;0.839;0.856;0.952;0.879;0.952;0.993;0.979;0.856;0.92;0.98;0.96;0.082;0.041;0.122;0.98;0.92;0.122
ENST00000558014_90_90;0.892;0.894;0.859;0.892;0.907;0.611;0.131;0.907;0.559;0.15;0.761;0.841;0.927;0.336;1.0;0.252;0.977;0.841;1.0;0.336;0.051;0.038;0.154;0.113;0.0;0.123;0.948;0.873;0.892;0.948;0.429;0.418;0.9;0.982;0.852;0.067;0.167;0.885;0.9;0.992;0.969;0.874;0.948;0.874;0.839;0.85;0.969;0.947;0.89;0.87;0.09;0.045;0.135;0.89;0.947;0.135
ENST00000558816_90_90;0.367;0.375;0.322;0.352;0.358;0.009;0.311;0.358;0.043;0.356;0.15;0.331;0.326;1.0;0.336;0.66;0.344;0.331;0.336;1.0;0.067;0.102;0.408;0.115;0.0;0.327;0.381;0.353;0.373;0.381;0.328;0.333;0.355;0.363;0.328;0.167;0.409;0.35;0.355;0.331;0.338;0.343;0.317;0.343;0.329;0.333;0.338;0.389;0.38;0.36;0.211;0.105;0.316;0.38;0.389;0.316
ENST00000559064_90_90;0.05;0.058;0.087;0.067;0.05;0.0;0.0;0.05;0.0;0.0;0.069;0.072;0.08;0.067;0.051;0.0;0.029;0.072;0.051;0.067;1.0;0.0;0.0;0.325;0.0;0.0;0.062;0.06;0.059;0.062;0.0;0.0;0.048;0.053;0.058;0.261;0.0;0.065;0.048;0.052;0.03;0.027;0.096;0.027;0.067;0.068;0.03;0.064;0.06;0.061;0.0;0.0;0.0;0.06;0.064;0.0
ENST00000559184_90_90;0.033;0.038;0.034;0.033;0.034;0.0;0.286;0.034;0.0;0.25;0.0;0.034;0.037;0.102;0.038;0.147;0.039;0.034;0.038;0.102;0.0;1.0;0.25;0.0;0.0;0.312;0.031;0.03;0.029;0.031;0.077;0.079;0.033;0.036;0.034;0.0;0.222;0.033;0.033;0.039;0.04;0.036;0.037;0.036;0.034;0.035;0.04;0.032;0.03;0.031;0.375;0.75;0.25;0.03;0.032;0.25
ENST00000559196_90_90;0.158;0.173;0.134;0.158;0.161;0.0;0.737;0.161;0.0;0.842;0.0;0.135;0.149;0.408;0.154;0.588;0.157;0.135;0.154;0.408;0.0;0.25;1.0;0.0;0.0;0.8;0.177;0.147;0.167;0.177;0.436;0.447;0.158;0.173;0.161;0.0;0.947;0.156;0.158;0.155;0.159;0.143;0.148;0.143;0.137;0.139;0.159;0.181;0.17;0.15;0.471;0.235;0.706;0.17;0.181;0.706
ENST00000560006_90_90;0.217;0.221;0.248;0.211;0.195;0.116;0.0;0.195;0.233;0.0;0.152;0.24;0.147;0.115;0.113;0.0;0.1;0.24;0.113;0.115;0.325;0.0;0.0;1.0;0.0;0.0;0.167;0.23;0.225;0.167;0.0;0.0;0.2;0.12;0.223;0.485;0.0;0.216;0.2;0.114;0.101;0.196;0.154;0.196;0.236;0.223;0.101;0.17;0.23;0.235;0.0;0.0;0.0;0.23;0.17;0.0
ENST00000560636_90_90;0.0;0.0;0.0;0.0;0.0;0.0;0.0;0.0;0.0;0.0;0.0;0.0;0.0;0.0;0.0;0.0;0.0;0.0;0.0;0.0;0.0;0.0;0.0;0.0;1.0;0.0;0.0;0.0;0.0;0.0;0.0;0.0;0.0;0.0;0.0;0.0;0.0;0.0;0.0;0.0;0.0;0.0;0.0;0.0;0.0;0.0;0.0;0.0;0.0;0.0;0.0;0.0;0.0;0.0;0.0;0.0
ENST00000561133_90_90;0.125;0.135;0.107;0.125;0.127;0.0;0.933;0.127;0.0;0.938;0.0;0.108;0.119;0.327;0.123;0.471;0.126;0.108;0.123;0.327;0.0;0.312;0.8;0.0;0.0;1.0;0.135;0.13;0.127;0.135;0.333;0.342;0.125;0.136;0.127;0.0;0.833;0.123;0.125;0.124;0.127;0.114;0.119;0.114;0.11;0.111;0.127;0.138;0.13;0.133;0.615;0.308;0.923;0.13;0.138;0.923
ENST00000341697_90_90;0.94;0.949;0.941;0.939;0.939;0.558;0.138;0.939;0.556;0.16;0.745;0.922;0.958;0.381;0.948;0.292;0.938;0.922;0.948;0.381;0.062;0.031;0.177;0.167;0.0;0.135;1.0;0.935;0.952;1.0;0.408;0.4;0.921;0.968;0.891;0.079;0.179;0.921;0.921;0.958;0.948;0.912;0.979;0.912;0.931;0.95;0.948;0.991;0.94;0.923;0.109;0.064;0.155;0.94;0.991;0.155
ENST00000368912_90_90;0.98;0.983;0.98;0.96;0.96;0.551;0.133;0.96;0.612;0.153;0.714;0.961;0.882;0.353;0.873;0.255;0.863;0.961;0.873;0.353;0.06;0.03;0.147;0.23;0.0;0.13;0.935;1.0;0.984;0.935;0.373;0.365;0.96;0.891;0.931;0.141;0.16;0.96;0.96;0.882;0.873;0.951;0.902;0.951;0.971;0.951;0.873;0.923;0.974;0.991;0.105;0.061;0.149;0.974;0.923;0.149
ENST00000368913_90_90;1.0;1.0;1.0;0.98;0.98;0.54;0.13;0.98;0.6;0.15;0.7;0.98;0.902;0.373;0.892;0.275;0.882;0.98;0.892;0.373;0.059;0.029;0.167;0.225;0.0;0.127;0.952;0.984;1.0;0.952;0.389;0.381;0.98;0.911;0.95;0.139;0.168;0.98;0.98;0.902;0.892;0.971;0.922;0.971;0.99;0.971;0.892;0.94;0.991;0.974;0.103;0.06;0.147;0.991;0.94;0.147
ENST00000368914_90_90;0.94;0.949;0.941;0.939;0.939;0.558;0.138;0.939;0.556;0.16;0.745;0.922;0.958;0.381;0.948;0.292;0.938;0.922;0.948;0.381;0.062;0.031;0.177;0.167;0.0;0.135;1.0;0.935;0.952;1.0;0.408;0.4;0.921;0.968;0.891;0.079;0.179;0.921;0.921;0.958;0.948;0.912;0.979;0.912;0.931;0.95;0.948;0.991;0.94;0.923;0.109;0.064;0.155;0.94;0.991;0.155
ENST00000613223_90_90;0.37;0.381;0.382;0.378;0.378;0.23;0.351;0.378;0.212;0.405;0.202;0.39;0.424;0.328;0.429;0.396;0.433;0.39;0.429;0.328;0.0;0.077;0.436;0.0;0.0;0.333;0.408;0.373;0.389;0.408;1.0;0.942;0.374;0.402;0.385;0.0;0.459;0.374;0.374;0.424;0.429;0.394;0.415;0.394;0.386;0.394;0.429;0.396;0.376;0.359;0.273;0.159;0.386;0.376;0.396;0.386
ENST00000621728_90_90;0.36;0.373;0.373;0.367;0.367;0.216;0.361;0.367;0.2;0.417;0.178;0.38;0.413;0.333;0.418;0.404;0.422;0.38;0.418;0.333;0.0;0.079;0.447;0.0;0.0;0.342;0.4;0.365;0.381;0.4;0.942;1.0;0.364;0.391;0.375;0.0;0.472;0.364;0.364;0.413;0.418;0.384;0.404;0.384;0.376;0.384;0.418;0.387;0.368;0.35;0.279;0.163;0.395;0.368;0.387;0.395
ENSMUST00000019791_90_90;0.993;0.981;0.96;0.965;0.993;0.572;0.116;0.993;0.64;0.13;0.725;0.944;0.871;0.355;0.9;0.267;0.892;0.944;0.9;0.355;0.048;0.033;0.158;0.2;0.0;0.125;0.921;0.96;0.98;0.921;0.374;0.364;1.0;0.914;0.923;0.164;0.144;0.972;1.0;0.908;0.9;0.975;0.887;0.975;0.952;0.936;0.9;0.919;0.98;0.96;0.093;0.041;0.134;0.98;0.919;0.134
ENSMUST00000076043_90_90;0.906;0.913;0.88;0.894;0.92;0.614;0.127;0.92;0.565;0.143;0.794;0.864;0.947;0.363;0.982;0.291;0.973;0.864;0.982;0.363;0.053;0.036;0.173;0.12;0.0;0.136;0.968;0.891;0.911;0.968;0.402;0.391;0.914;1.0;0.839;0.079;0.157;0.888;0.914;0.991;0.982;0.893;0.965;0.893;0.872;0.886;0.982;0.968;0.909;0.889;0.1;0.044;0.144;0.909;0.968;0.144
ENSMUST00000115449_90_90;0.957;0.951;0.944;0.909;0.935;0.598;0.121;0.935;0.682;0.136;0.669;0.928;0.84;0.328;0.852;0.23;0.844;0.928;0.852;0.328;0.058;0.034;0.161;0.223;0.0;0.127;0.891;0.931;0.95;0.891;0.385;0.375;0.923;0.839;1.0;0.151;0.147;0.898;0.923;0.861;0.852;0.943;0.856;0.943;0.936;0.92;0.852;0.889;0.949;0.929;0.096;0.043;0.138;0.949;0.889;0.138
ENSMUST00000123228_90_90;0.159;0.136;0.152;0.155;0.159;0.01;0.0;0.159;0.108;0.0;0.098;0.145;0.065;0.167;0.067;0.0;0.059;0.145;0.067;0.167;0.261;0.0;0.0;0.485;0.0;0.0;0.079;0.141;0.139;0.079;0.0;0.0;0.164;0.079;0.151;1.0;0.0;0.16;0.164;0.067;0.058;0.14;0.073;0.14;0.144;0.128;0.058;0.081;0.141;0.144;0.0;0.0;0.0;0.141;0.081;0.0
ENSMUST00000126684_90_90;0.145;0.175;0.144;0.142;0.146;0.0;0.8;0.146;0.0;0.9;0.0;0.146;0.161;0.409;0.167;0.562;0.168;0.146;0.167;0.409;0.0;0.222;0.947;0.0;0.0;0.833;0.179;0.16;0.168;0.179;0.459;0.472;0.144;0.157;0.147;0.0;1.0;0.14;0.144;0.165;0.167;0.151;0.158;0.151;0.145;0.148;0.167;0.183;0.172;0.163;0.529;0.235;0.765;0.172;0.183;0.765
ENSMUST00000135790_90_90;0.993;0.981;0.976;0.993;0.965;0.556;0.113;0.965;0.622;0.127;0.704;0.96;0.887;0.35;0.885;0.262;0.877;0.96;0.885;0.35;0.065;0.033;0.156;0.216;0.0;0.123;0.921;0.96;0.98;0.921;0.374;0.364;0.972;0.888;0.898;0.16;0.14;1.0;0.972;0.893;0.885;0.959;0.903;0.959;0.968;0.952;0.885;0.919;0.98;0.96;0.093;0.041;0.134;0.98;0.919;0.134
ENSMUST00000156422_90_90;0.993;0.981;0.96;0.965;0.993;0.572;0.116;0.993;0.64;0.13;0.725;0.944;0.871;0.355;0.9;0.267;0.892;0.944;0.9;0.355;0.048;0.033;0.158;0.2;0.0;0.125;0.921;0.96;0.98;0.921;0.374;0.364;1.0;0.914;0.923;0.164;0.144;0.972;1.0;0.908;0.9;0.975;0.887;0.975;0.952;0.936;0.9;0.919;0.98;0.96;0.093;0.041;0.134;0.98;0.919;0.134
ENSMUST00000051419_90_90;0.9;0.904;0.861;0.9;0.915;0.606;0.13;0.915;0.55;0.148;0.771;0.839;0.926;0.331;0.992;0.264;0.969;0.839;0.992;0.331;0.052;0.039;0.155;0.114;0.0;0.124;0.958;0.882;0.902;0.958;0.424;0.413;0.908;0.991;0.861;0.067;0.165;0.893;0.908;1.0;0.977;0.882;0.949;0.882;0.841;0.852;0.977;0.957;0.9;0.88;0.089;0.044;0.133;0.9;0.957;0.133
ENSMUST00000076335_90_90;0.892;0.894;0.841;0.892;0.907;0.611;0.131;0.907;0.555;0.15;0.761;0.856;0.947;0.338;0.969;0.27;0.992;0.856;0.969;0.338;0.03;0.04;0.159;0.101;0.0;0.127;0.948;0.873;0.892;0.948;0.429;0.418;0.9;0.982;0.852;0.058;0.167;0.885;0.9;0.977;1.0;0.901;0.927;0.901;0.858;0.87;1.0;0.947;0.89;0.87;0.09;0.045;0.135;0.89;0.947;0.135
ENSMUST00000077847_90_90;0.983;0.971;0.934;0.943;0.959;0.563;0.118;0.959;0.642;0.134;0.686;0.952;0.856;0.343;0.874;0.243;0.893;0.952;0.874;0.343;0.027;0.036;0.143;0.196;0.0;0.114;0.912;0.951;0.971;0.912;0.394;0.384;0.975;0.893;0.943;0.14;0.151;0.959;0.975;0.882;0.901;1.0;0.841;1.0;0.953;0.939;0.901;0.91;0.97;0.95;0.082;0.041;0.124;0.97;0.91;0.124
ENSMUST00000078621_90_90;0.908;0.923;0.907;0.917;0.901;0.584;0.125;0.901;0.545;0.143;0.759;0.879;0.97;0.317;0.948;0.252;0.926;0.879;0.948;0.317;0.096;0.037;0.148;0.154;0.0;0.119;0.979;0.902;0.922;0.979;0.415;0.404;0.887;0.965;0.856;0.073;0.158;0.903;0.887;0.949;0.927;0.841;1.0;0.841;0.887;0.899;0.927;0.979;0.92;0.9;0.087;0.043;0.13;0.92;0.979;0.13
ENSMUST00000103238_90_90;0.983;0.971;0.934;0.943;0.959;0.563;0.118;0.959;0.642;0.134;0.686;0.952;0.856;0.343;0.874;0.243;0.893;0.952;0.874;0.343;0.027;0.036;0.143;0.196;0.0;0.114;0.912;0.951;0.971;0.912;0.394;0.384;0.975;0.893;0.943;0.14;0.151;0.959;0.975;0.882;0.901;1.0;0.841;1.0;0.953;0.939;0.901;0.91;0.97;0.95;0.082;0.041;0.124;0.97;0.91;0.124
ENSMUST00000103239_90_90;0.992;0.99;0.98;0.96;0.944;0.545;0.114;0.944;0.634;0.13;0.677;0.993;0.897;0.329;0.839;0.233;0.856;0.993;0.839;0.329;0.067;0.034;0.137;0.236;0.0;0.11;0.931;0.971;0.99;0.931;0.386;0.376;0.952;0.872;0.936;0.144;0.145;0.968;0.952;0.841;0.858;0.953;0.887;0.953;1.0;0.986;0.858;0.93;0.99;0.97;0.081;0.04;0.121;0.99;0.93;0.121
ENSMUST00000103240_90_90;0.975;0.971;0.967;0.959;0.943;0.541;0.116;0.943;0.631;0.132;0.689;0.979;0.91;0.333;0.85;0.236;0.868;0.979;0.85;0.333;0.068;0.035;0.139;0.223;0.0;0.111;0.95;0.951;0.971;0.95;0.394;0.384;0.936;0.886;0.92;0.128;0.148;0.952;0.936;0.852;0.87;0.939;0.899;0.939;0.986;1.0;0.87;0.949;0.97;0.95;0.082;0.041;0.124;0.97;0.949;0.124
ENSMUST00000103241_90_90;0.892;0.894;0.841;0.892;0.907;0.611;0.131;0.907;0.555;0.15;0.761;0.856;0.947;0.338;0.969;0.27;0.992;0.856;0.969;0.338;0.03;0.04;0.159;0.101;0.0;0.127;0.948;0.873;0.892;0.948;0.429;0.418;0.9;0.982;0.852;0.058;0.167;0.885;0.9;0.977;1.0;0.901;0.927;0.901;0.858;0.87;1.0;0.947;0.89;0.87;0.09;0.045;0.135;0.89;0.947;0.135
ENSMUST00000090821_90_90;0.939;0.949;0.94;0.938;0.938;0.548;0.141;0.938;0.546;0.163;0.739;0.92;0.957;0.389;0.947;0.298;0.936;0.92;0.947;0.389;0.064;0.032;0.181;0.17;0.0;0.138;0.991;0.923;0.94;0.991;0.396;0.387;0.919;0.968;0.889;0.081;0.183;0.919;0.919;0.957;0.947;0.91;0.979;0.91;0.93;0.949;0.947;1.0;0.952;0.937;0.108;0.067;0.149;0.952;1.0;0.149
ENSMUST00000090823_90_90;1.0;1.0;1.0;0.98;0.98;0.531;0.133;0.98;0.592;0.153;0.694;0.98;0.9;0.38;0.89;0.28;0.88;0.98;0.89;0.38;0.06;0.03;0.17;0.23;0.0;0.13;0.94;0.974;0.991;0.94;0.376;0.368;0.98;0.909;0.949;0.141;0.172;0.98;0.98;0.9;0.89;0.97;0.92;0.97;0.99;0.97;0.89;0.952;1.0;0.984;0.103;0.063;0.142;1.0;0.952;0.142
ENSMUST00000107217_90_90;0.98;0.983;0.98;0.959;0.959;0.542;0.135;0.959;0.604;0.156;0.708;0.96;0.88;0.36;0.87;0.26;0.86;0.96;0.87;0.36;0.061;0.031;0.15;0.235;0.0;0.133;0.923;0.991;0.974;0.923;0.359;0.35;0.96;0.889;0.929;0.144;0.163;0.96;0.96;0.88;0.87;0.95;0.9;0.95;0.97;0.95;0.87;0.937;0.984;1.0;0.105;0.065;0.144;0.984;0.937;0.144
ENSMUST00000131620_90_90;0.092;0.094;0.08;0.094;0.094;0.0;0.692;0.094;0.0;0.6;0.0;0.082;0.089;0.211;0.09;0.286;0.091;0.082;0.09;0.211;0.0;0.375;0.471;0.0;0.0;0.615;0.109;0.105;0.103;0.109;0.273;0.279;0.093;0.1;0.096;0.0;0.529;0.093;0.093;0.089;0.09;0.082;0.087;0.082;0.081;0.082;0.09;0.108;0.103;0.105;1.0;0.615;0.684;0.103;0.108;0.684
ENSMUST00000131742_90_90;0.041;0.051;0.04;0.042;0.042;0.0;0.308;0.042;0.0;0.267;0.0;0.041;0.044;0.105;0.045;0.143;0.045;0.041;0.045;0.105;0.0;0.75;0.235;0.0;0.0;0.308;0.064;0.061;0.06;0.064;0.159;0.163;0.041;0.044;0.043;0.0;0.235;0.041;0.041;0.044;0.045;0.041;0.043;0.041;0.04;0.041;0.045;0.067;0.063;0.065;0.615;1.0;0.421;0.063;0.067;0.421
ENSMUST00000142449_90_90;0.133;0.137;0.12;0.135;0.135;0.0;1.0;0.135;0.0;0.867;0.0;0.122;0.133;0.316;0.135;0.429;0.136;0.122;0.135;0.316;0.0;0.25;0.706;0.0;0.0;0.923;0.155;0.149;0.147;0.155;0.386;0.395;0.134;0.144;0.138;0.0;0.765;0.134;0.134;0.133;0.135;0.124;0.13;0.124;0.121;0.124;0.135;0.149;0.142;0.144;0.684;0.421;1.0;0.142;0.149;1.0
ENSMUST00000168321_90_90;1.0;1.0;1.0;0.98;0.98;0.531;0.133;0.98;0.592;0.153;0.694;0.98;0.9;0.38;0.89;0.28;0.88;0.98;0.89;0.38;0.06;0.03;0.17;0.23;0.0;0.13;0.94;0.974;0.991;0.94;0.376;0.368;0.98;0.909;0.949;0.141;0.172;0.98;0.98;0.9;0.89;0.97;0.92;0.97;0.99;0.97;0.89;0.952;1.0;0.984;0.103;0.063;0.142;1.0;0.952;0.142
ENSMUST00000202315_90_90;0.939;0.949;0.94;0.938;0.938;0.548;0.141;0.938;0.546;0.163;0.739;0.92;0.957;0.389;0.947;0.298;0.936;0.92;0.947;0.389;0.064;0.032;0.181;0.17;0.0;0.138;0.991;0.923;0.94;0.991;0.396;0.387;0.919;0.968;0.889;0.081;0.183;0.919;0.919;0.957;0.947;0.91;0.979;0.91;0.93;0.949;0.947;1.0;0.952;0.937;0.108;0.067;0.149;0.952;1.0;0.149
ENSMUST00000204709_90_90;0.133;0.137;0.12;0.135;0.135;0.0;1.0;0.135;0.0;0.867;0.0;0.122;0.133;0.316;0.135;0.429;0.136;0.122;0.135;0.316;0.0;0.25;0.706;0.0;0.0;0.923;0.155;0.149;0.147;0.155;0.386;0.395;0.134;0.144;0.138;0.0;0.765;0.134;0.134;0.133;0.135;0.124;0.13;0.124;0.121;0.124;0.135;0.149;0.142;0.144;0.684;0.421;1.0;0.142;0.149;1.0
