;transcript5_ENSHGLG00100003156;transcript5_ENSHGLG00100006079;transcript5_ENSPCIG00000036398;transcript19_ENSHGLG00100003156;transcript16_ENSHGLG00100006079;transcript17_ENSHGLG00100006079;transcript18_ENSHGLG00100006079;transcript13_ENSMUNG00000002391
transcript5_ENSHGLG00100003156;1.0;1.0;1.0;0.992;0.671;0.376;0.988;1.0
transcript5_ENSHGLG00100006079;1.0;1.0;1.0;0.988;0.671;0.376;0.988;1.0
transcript5_ENSPCIG00000036398;1.0;1.0;1.0;0.989;0.525;0.542;0.983;1.0
transcript19_ENSHGLG00100003156;0.992;0.988;0.989;1.0;0.659;0.365;0.976;0.992
transcript16_ENSHGLG00100006079;0.671;0.671;0.525;0.659;1.0;0.047;0.659;0.671
transcript17_ENSHGLG00100006079;0.376;0.376;0.542;0.365;0.047;1.0;0.365;0.376
transcript18_ENSHGLG00100006079;0.988;0.988;0.983;0.976;0.659;0.365;1.0;0.988
transcript13_ENSMUNG00000002391;1.0;1.0;1.0;0.992;0.671;0.376;0.988;1.0
