;ENSCAFT00000026995_90_90;ENSCAFT00000045721_90_90;ENST00000279394_90_90;ENST00000308893_90_90;ENST00000416441_90_90;ENST00000543033_90_90;ENSMUST00000071268_90_90;ENSMUST00000117394_90_90;ENSMUST00000214525_90_90
ENSCAFT00000026995_90_90;1.0;0.409;0.292;0.727;0.762;0.524;0.292;0.583;0.045
ENSCAFT00000045721_90_90;0.409;1.0;0.714;0.292;0.304;0.389;0.6;0.292;0.231
ENST00000279394_90_90;0.292;0.714;1.0;0.409;0.25;0.562;0.6;0.292;0.231
ENST00000308893_90_90;0.727;0.292;0.409;1.0;0.762;0.684;0.292;0.652;0.045
ENST00000416441_90_90;0.762;0.304;0.25;0.762;1.0;0.476;0.25;0.609;0.048
ENST00000543033_90_90;0.524;0.389;0.562;0.684;0.476;1.0;0.389;0.455;0.062
ENSMUST00000071268_90_90;0.292;0.6;0.6;0.292;0.25;0.389;1.0;0.476;0.231
ENSMUST00000117394_90_90;0.583;0.292;0.292;0.652;0.609;0.455;0.476;1.0;0.045
ENSMUST00000214525_90_90;0.045;0.231;0.231;0.045;0.048;0.062;0.231;0.045;1.0
