;ENSCAFT00000043329_90_90;ENST00000277010_90_90;ENST00000353468_90_90;ENST00000378892_90_90;ENST00000477726_90_90;ENSMUST00000059354_90_90;ENSMUST00000071561_90_90
ENSCAFT00000043329_90_90;1.0;0.77;0.296;0.601;0.645;1.0;0.861
ENST00000277010_90_90;0.77;1.0;0.475;0.601;0.861;0.795;0.665
ENST00000353468_90_90;0.296;0.475;1.0;0.076;0.518;0.305;0.323
ENST00000378892_90_90;0.601;0.601;0.076;1.0;0.462;0.601;0.462
ENST00000477726_90_90;0.645;0.861;0.518;0.462;1.0;0.665;0.764
ENSMUST00000059354_90_90;1.0;0.795;0.305;0.601;0.665;1.0;0.861
ENSMUST00000071561_90_90;0.861;0.665;0.323;0.462;0.764;0.861;1.0
