;ENSCAFT00000000260_90_90;ENST00000300131_90_90;ENST00000342556_90_90;ENSMUST00000026469_90_90;ENSMUST00000099157_90_90;ENSMUST00000128780_90_90;ENSMUST00000129252_90_90
ENSCAFT00000000260_90_90;1.0;1.0;0.877;0.887;0.772;0.188;0.106
ENST00000300131_90_90;1.0;1.0;0.877;0.887;0.772;0.188;0.106
ENST00000342556_90_90;0.877;0.877;1.0;0.772;0.873;0.214;0.122
ENSMUST00000026469_90_90;0.887;0.887;0.772;1.0;0.877;0.188;0.106
ENSMUST00000099157_90_90;0.772;0.772;0.873;0.877;1.0;0.214;0.122
ENSMUST00000128780_90_90;0.188;0.188;0.214;0.188;0.214;1.0;0.601
ENSMUST00000129252_90_90;0.106;0.106;0.122;0.106;0.122;0.601;1.0
