;transcript1_ENSMPUG00000020072;transcript1_ENSMLUG00000027828;transcript10_ENSMLUG00000027828;transcript1_ENSCCNG00000000226;transcript7_ENSCCNG00000000226;transcript15_ENSCCNG00000000226;transcript1_ENSLAFG00000030854
transcript1_ENSMPUG00000020072;1.0;0.908;0.872;0.926;0.925;0.919;1.0
transcript1_ENSMLUG00000027828;0.908;1.0;0.96;0.841;0.839;0.834;0.905
transcript10_ENSMLUG00000027828;0.872;0.96;1.0;0.812;0.81;0.805;0.869
transcript1_ENSCCNG00000000226;0.926;0.841;0.812;1.0;0.998;0.991;0.924
transcript7_ENSCCNG00000000226;0.925;0.839;0.81;0.998;1.0;0.994;0.922
transcript15_ENSCCNG00000000226;0.919;0.834;0.805;0.991;0.994;1.0;0.916
transcript1_ENSLAFG00000030854;1.0;0.905;0.869;0.924;0.922;0.916;1.0
