;ENSCAFT00000026995_90_90;ENSCAFT00000045721_90_90;ENST00000279394_90_90;ENST00000308893_90_90;ENST00000416441_90_90;ENST00000543033_90_90;ENSMUST00000071268_90_90;ENSMUST00000117394_90_90;ENSMUST00000214525_90_90
ENSCAFT00000026995_90_90;1.0;0.483;0.482;0.997;0.793;0.907;0.48;0.986;0.051
ENSCAFT00000045721_90_90;0.483;1.0;0.999;0.482;0.332;0.521;0.99;0.48;0.358
ENST00000279394_90_90;0.482;0.999;1.0;0.483;0.332;0.521;0.99;0.48;0.358
ENST00000308893_90_90;0.997;0.482;0.483;1.0;0.794;0.909;0.48;0.987;0.051
ENST00000416441_90_90;0.793;0.332;0.332;0.794;1.0;0.706;0.33;0.784;0.058
ENST00000543033_90_90;0.907;0.521;0.521;0.909;0.706;1.0;0.518;0.9;0.055
ENSMUST00000071268_90_90;0.48;0.99;0.99;0.48;0.33;0.518;1.0;0.486;0.356
ENSMUST00000117394_90_90;0.986;0.48;0.48;0.987;0.784;0.9;0.486;1.0;0.051
ENSMUST00000214525_90_90;0.051;0.358;0.358;0.051;0.058;0.055;0.356;0.051;1.0
