;transcript22_ENSPEMG00000024651;transcript22_ENSNGAG00000018584;transcript22_ENSSTOG00000019743;transcript2_ENSNGAG00000018584;transcript2_ENSSTOG00000019743;transcript2_ENSLAFG00000030854;transcript27_ENSSTOG00000019743
transcript22_ENSPEMG00000024651;1.0;0.579;0.715;0.562;0.693;0.847;0.698
transcript22_ENSNGAG00000018584;0.579;1.0;0.541;0.957;0.524;0.672;0.528
transcript22_ENSSTOG00000019743;0.715;0.541;1.0;0.524;0.962;0.763;0.971
transcript2_ENSNGAG00000018584;0.562;0.957;0.524;1.0;0.543;0.702;0.535
transcript2_ENSSTOG00000019743;0.693;0.524;0.962;0.543;1.0;0.794;0.99
transcript2_ENSLAFG00000030854;0.847;0.672;0.763;0.702;0.794;1.0;0.786
transcript27_ENSSTOG00000019743;0.698;0.528;0.971;0.535;0.99;0.786;1.0
