;ENSCAFT00000001910_90_90;ENST00000374021_90_90;ENST00000374023_90_90;ENST00000374026_90_90;ENSMUST00000075076_90_90;ENSMUST00000114859_90_90;ENSMUST00000114863_90_90
ENSCAFT00000001910_90_90;1.0;0.636;0.75;0.667;0.818;0.636;0.818
ENST00000374021_90_90;0.636;1.0;0.727;0.636;0.5;0.333;0.5
ENST00000374023_90_90;0.75;0.727;1.0;0.909;0.615;0.462;0.615
ENST00000374026_90_90;0.667;0.636;0.909;1.0;0.538;0.385;0.538
ENSMUST00000075076_90_90;0.818;0.5;0.615;0.538;1.0;0.5;0.667
ENSMUST00000114859_90_90;0.636;0.333;0.462;0.385;0.5;1.0;0.8
ENSMUST00000114863_90_90;0.818;0.5;0.615;0.538;0.667;0.8;1.0
