;transcript7_ENSMSIG00000000513;transcript7_MGP-SPRETEiJ-G0021131;transcript7_ENSMUSG00000054036;transcript50_ENSMSIG00000000513;transcript50_MGP-CAROLIEiJ-G0020234;transcript50_MGP-PahariEiJ-G0020237;transcript55_ENSMSIG00000000513;transcript60_ENSMSIG00000000513;transcript60_MGP-CAROLIEiJ-G0020234;transcript64_ENSMSIG00000000513;transcript67_ENSMSIG00000000513;transcript59_MGP-SPRETEiJ-G0021131;transcript59_MGP-CAROLIEiJ-G0020234;transcript61_MGP-SPRETEiJ-G0021131;transcript61_MGP-CAROLIEiJ-G0020234;transcript62_MGP-SPRETEiJ-G0021131;transcript69_MGP-SPRETEiJ-G0021131;transcript70_MGP-SPRETEiJ-G0021131;transcript71_MGP-SPRETEiJ-G0021131;transcript72_MGP-SPRETEiJ-G0021131;transcript54_ENSMUSG00000054036;transcript57_MGP-PahariEiJ-G0020237
transcript7_ENSMSIG00000000513;1.0;0.996;0.995;0.778;0.775;0.778;0.776;0.783;0.837;0.793;0.777;0.766;0.782;0.763;0.779;0.762;0.755;0.712;0.747;0.78;0.725;0.675
transcript7_MGP-SPRETEiJ-G0021131;0.996;1.0;0.992;0.776;0.773;0.777;0.774;0.78;0.836;0.791;0.775;0.768;0.78;0.765;0.778;0.764;0.756;0.713;0.748;0.782;0.724;0.674
transcript7_ENSMUSG00000054036;0.995;0.992;1.0;0.774;0.771;0.775;0.772;0.779;0.834;0.789;0.773;0.762;0.778;0.76;0.776;0.759;0.752;0.709;0.744;0.777;0.724;0.672
transcript50_ENSMSIG00000000513;0.778;0.776;0.774;1.0;0.991;0.994;0.958;0.859;0.851;0.876;0.969;0.836;0.853;0.834;0.85;0.804;0.797;0.777;0.811;0.781;0.865;0.84
transcript50_MGP-CAROLIEiJ-G0020234;0.775;0.773;0.771;0.991;1.0;0.989;0.95;0.851;0.859;0.869;0.961;0.834;0.857;0.832;0.855;0.801;0.794;0.775;0.808;0.778;0.861;0.834
transcript50_MGP-PahariEiJ-G0020237;0.778;0.777;0.775;0.994;0.989;1.0;0.956;0.853;0.849;0.875;0.967;0.837;0.85;0.835;0.847;0.804;0.797;0.779;0.812;0.781;0.866;0.84
transcript55_ENSMSIG00000000513;0.776;0.774;0.772;0.958;0.95;0.956;1.0;0.845;0.828;0.918;0.985;0.839;0.828;0.837;0.826;0.828;0.821;0.781;0.814;0.805;0.88;0.854
transcript60_ENSMSIG00000000513;0.783;0.78;0.779;0.859;0.851;0.853;0.845;1.0;0.858;0.92;0.832;0.781;0.796;0.778;0.793;0.743;0.736;0.715;0.749;0.719;0.75;0.721
transcript60_MGP-CAROLIEiJ-G0020234;0.837;0.836;0.834;0.851;0.859;0.849;0.828;0.858;1.0;0.835;0.825;0.816;0.849;0.818;0.851;0.781;0.774;0.753;0.788;0.757;0.741;0.717
transcript64_ENSMSIG00000000513;0.793;0.791;0.789;0.876;0.869;0.875;0.918;0.92;0.835;1.0;0.904;0.819;0.808;0.817;0.806;0.809;0.801;0.76;0.794;0.785;0.815;0.783
transcript67_ENSMSIG00000000513;0.777;0.775;0.773;0.969;0.961;0.967;0.985;0.832;0.825;0.904;1.0;0.839;0.828;0.837;0.826;0.828;0.825;0.781;0.814;0.805;0.89;0.863
transcript59_MGP-SPRETEiJ-G0021131;0.766;0.768;0.762;0.836;0.834;0.837;0.839;0.781;0.816;0.819;0.839;1.0;0.946;0.997;0.943;0.93;0.922;0.904;0.94;0.905;0.85;0.821
transcript59_MGP-CAROLIEiJ-G0020234;0.782;0.78;0.778;0.853;0.857;0.85;0.828;0.796;0.849;0.808;0.828;0.946;1.0;0.943;0.997;0.909;0.902;0.882;0.918;0.885;0.834;0.808
transcript61_MGP-SPRETEiJ-G0021131;0.763;0.765;0.76;0.834;0.832;0.835;0.837;0.778;0.818;0.817;0.837;0.997;0.943;1.0;0.945;0.928;0.92;0.902;0.937;0.902;0.848;0.819
transcript61_MGP-CAROLIEiJ-G0020234;0.779;0.778;0.776;0.85;0.855;0.847;0.826;0.793;0.851;0.806;0.826;0.943;0.997;0.945;1.0;0.907;0.899;0.88;0.915;0.882;0.832;0.806
transcript62_MGP-SPRETEiJ-G0021131;0.762;0.764;0.759;0.804;0.801;0.804;0.828;0.743;0.781;0.809;0.828;0.93;0.909;0.928;0.907;1.0;0.992;0.949;0.985;0.965;0.839;0.812
transcript69_MGP-SPRETEiJ-G0021131;0.755;0.756;0.752;0.797;0.794;0.797;0.821;0.736;0.774;0.801;0.825;0.922;0.902;0.92;0.899;0.992;1.0;0.941;0.977;0.958;0.832;0.805
transcript70_MGP-SPRETEiJ-G0021131;0.712;0.713;0.709;0.777;0.775;0.779;0.781;0.715;0.753;0.76;0.781;0.904;0.882;0.902;0.88;0.949;0.941;1.0;0.963;0.915;0.793;0.769
transcript71_MGP-SPRETEiJ-G0021131;0.747;0.748;0.744;0.811;0.808;0.812;0.814;0.749;0.788;0.794;0.814;0.94;0.918;0.937;0.915;0.985;0.977;0.963;1.0;0.95;0.825;0.799
transcript72_MGP-SPRETEiJ-G0021131;0.78;0.782;0.777;0.781;0.778;0.781;0.805;0.719;0.757;0.785;0.805;0.905;0.885;0.902;0.882;0.965;0.958;0.915;0.95;1.0;0.82;0.791
transcript54_ENSMUSG00000054036;0.725;0.724;0.724;0.865;0.861;0.866;0.88;0.75;0.741;0.815;0.89;0.85;0.834;0.848;0.832;0.839;0.832;0.793;0.825;0.82;1.0;0.904
transcript57_MGP-PahariEiJ-G0020237;0.675;0.674;0.672;0.84;0.834;0.84;0.854;0.721;0.717;0.783;0.863;0.821;0.808;0.819;0.806;0.812;0.805;0.769;0.799;0.791;0.904;1.0
