;ENSCAFT00000011750_90_90;ENSCAFT00000043735_90_90;ENST00000517885_90_90;ENST00000522677_90_90;ENST00000524176_90_90;ENSMUST00000088658_90_90;ENSMUST00000115468_90_90;ENSMUST00000188212_90_90
ENSCAFT00000011750_90_90;1.0;0.4;0.273;0.5;0.476;0.4;0.364;0.333
ENSCAFT00000043735_90_90;0.4;1.0;0.409;0.773;0.7;0.81;0.737;0.227
ENST00000517885_90_90;0.273;0.409;1.0;0.6;0.35;0.55;0.3;0.111
ENST00000522677_90_90;0.5;0.773;0.6;1.0;0.75;0.857;0.619;0.273
ENST00000524176_90_90;0.476;0.7;0.35;0.75;1.0;0.619;0.812;0.353
ENSMUST00000088658_90_90;0.4;0.81;0.55;0.857;0.619;1.0;0.737;0.227
ENSMUST00000115468_90_90;0.364;0.737;0.3;0.619;0.812;0.737;1.0;0.294
ENSMUST00000188212_90_90;0.333;0.227;0.111;0.273;0.353;0.227;0.294;1.0
