;transcript23_ENSMPUG00000020072;transcript25_ENSMPUG00000020072;transcript26_ENSMPUG00000020072;transcript27_ENSMPUG00000020072;transcript28_ENSMPUG00000020072;transcript14_ENSECAG00000007947;transcript20_ENSECAG00000007947;transcript30_ENSECAG00000007947
transcript23_ENSMPUG00000020072;1.0;0.827;0.943;0.916;0.916;0.923;0.93;0.923
transcript25_ENSMPUG00000020072;0.827;1.0;0.877;0.903;0.903;0.764;0.77;0.764
transcript26_ENSMPUG00000020072;0.943;0.877;1.0;0.971;0.971;0.871;0.877;0.871
transcript27_ENSMPUG00000020072;0.916;0.903;0.971;1.0;1.0;0.846;0.852;0.846
transcript28_ENSMPUG00000020072;0.916;0.903;0.971;1.0;1.0;0.846;0.852;0.846
transcript14_ENSECAG00000007947;0.923;0.764;0.871;0.846;0.846;1.0;0.985;1.0
transcript20_ENSECAG00000007947;0.93;0.77;0.877;0.852;0.852;0.985;1.0;0.985
transcript30_ENSECAG00000007947;0.923;0.764;0.871;0.846;0.846;1.0;0.985;1.0
