;transcript23_ENSMPUG00000020072;transcript25_ENSMPUG00000020072;transcript26_ENSMPUG00000020072;transcript27_ENSMPUG00000020072;transcript28_ENSMPUG00000020072;transcript14_ENSECAG00000007947;transcript20_ENSECAG00000007947;transcript30_ENSECAG00000007947
transcript23_ENSMPUG00000020072;1.0;0.826;0.943;0.916;0.916;0.904;0.928;0.904
transcript25_ENSMPUG00000020072;0.826;1.0;0.769;0.742;0.742;0.747;0.766;0.747
transcript26_ENSMPUG00000020072;0.943;0.769;1.0;0.859;0.859;0.852;0.875;0.852
transcript27_ENSMPUG00000020072;0.916;0.742;0.859;1.0;1.0;0.828;0.85;0.828
transcript28_ENSMPUG00000020072;0.916;0.742;0.859;1.0;1.0;0.828;0.85;0.828
transcript14_ENSECAG00000007947;0.904;0.747;0.852;0.828;0.828;1.0;0.974;1.0
transcript20_ENSECAG00000007947;0.928;0.766;0.875;0.85;0.85;0.974;1.0;0.974
transcript30_ENSECAG00000007947;0.904;0.747;0.852;0.828;0.828;1.0;0.974;1.0
