;ENSCAFT00000022316_90_90;ENSCAFT00000022321_90_90;ENST00000392455_90_90;ENST00000392456_90_90;ENSMUST00000039443_90_90;ENSMUST00000096127_90_90;ENSMUST00000100026_90_90;ENSMUST00000143823_90_90
ENSCAFT00000022316_90_90;1.0;0.67;0.699;0.998;0.66;0.598;0.636;0.582
ENSCAFT00000022321_90_90;0.67;1.0;0.988;0.696;0.568;0.542;0.587;0.64
ENST00000392455_90_90;0.699;0.988;1.0;0.707;0.549;0.512;0.553;0.617
ENST00000392456_90_90;0.998;0.696;0.707;1.0;0.647;0.577;0.613;0.567
ENSMUST00000039443_90_90;0.66;0.568;0.549;0.647;1.0;0.851;0.895;0.83
ENSMUST00000096127_90_90;0.598;0.542;0.512;0.577;0.851;1.0;0.956;0.734
ENSMUST00000100026_90_90;0.636;0.587;0.553;0.613;0.895;0.956;1.0;0.776
ENSMUST00000143823_90_90;0.582;0.64;0.617;0.567;0.83;0.734;0.776;1.0
