;ENSCAFT00000022316_90_90;ENSCAFT00000022321_90_90;ENST00000392455_90_90;ENST00000392456_90_90;ENSMUST00000039443_90_90;ENSMUST00000096127_90_90;ENSMUST00000100026_90_90;ENSMUST00000143823_90_90
ENSCAFT00000022316_90_90;1.0;0.706;0.733;0.968;0.462;0.367;0.406;0.492
ENSCAFT00000022321_90_90;0.706;1.0;0.898;0.683;0.578;0.45;0.498;0.615
ENST00000392455_90_90;0.733;0.898;1.0;0.765;0.568;0.444;0.49;0.603
ENST00000392456_90_90;0.968;0.683;0.765;1.0;0.449;0.358;0.396;0.477
ENSMUST00000039443_90_90;0.462;0.578;0.568;0.449;1.0;0.757;0.832;0.653
ENSMUST00000096127_90_90;0.367;0.45;0.444;0.358;0.757;1.0;0.92;0.538
ENSMUST00000100026_90_90;0.406;0.498;0.49;0.396;0.832;0.92;1.0;0.6
ENSMUST00000143823_90_90;0.492;0.615;0.603;0.477;0.653;0.538;0.6;1.0
