;transcript32_ENSCPOG00000024843;transcript29_ENSCCNG00000000226;transcript30_ENSCCNG00000000226;transcript36_ENSCCNG00000000226;transcript37_ENSCCNG00000000226;transcript8_ENSCPOG00000024843;transcript30_ENSCPOG00000024843
transcript32_ENSCPOG00000024843;1.0;0.942;0.916;0.916;0.879;0.97;0.97
transcript29_ENSCCNG00000000226;0.942;1.0;0.972;0.972;0.934;0.919;0.919
transcript30_ENSCCNG00000000226;0.916;0.972;1.0;1.0;0.961;0.944;0.944
transcript36_ENSCCNG00000000226;0.916;0.972;1.0;1.0;0.961;0.944;0.944
transcript37_ENSCCNG00000000226;0.879;0.934;0.961;0.961;1.0;0.906;0.906
transcript8_ENSCPOG00000024843;0.97;0.919;0.944;0.944;0.906;1.0;1.0
transcript30_ENSCPOG00000024843;0.97;0.919;0.944;0.944;0.906;1.0;1.0
