;ENSCAFT00000004081_90_90;ENST00000320755_90_90;ENST00000357250_90_90;ENST00000370496_90_90;ENSMUST00000054588_90_90;ENSMUST00000088349_90_90
ENSCAFT00000004081_90_90;1.0;0.458;0.692;0.4;0.701;0.442
ENST00000320755_90_90;0.458;1.0;0.667;0.264;0.503;0.752
ENST00000357250_90_90;0.692;0.667;1.0;0.56;0.795;0.492
ENST00000370496_90_90;0.4;0.264;0.56;1.0;0.383;0.112
ENSMUST00000054588_90_90;0.701;0.503;0.795;0.383;1.0;0.595
ENSMUST00000088349_90_90;0.442;0.752;0.492;0.112;0.595;1.0
