;ENSCAFT00000007841_90_90;ENST00000277575_90_90;ENST00000379237_90_90;ENST00000609104_90_90;ENST00000609853_90_90;ENSMUST00000042503_90_90;ENSMUST00000114937_90_90
ENSCAFT00000007841_90_90;1.0;0.937;0.905;0.968;0.0;0.928;0.964
ENST00000277575_90_90;0.937;1.0;0.857;0.869;0.0;0.919;0.874
ENST00000379237_90_90;0.905;0.857;1.0;0.849;0.089;0.966;0.837
ENST00000609104_90_90;0.968;0.869;0.849;1.0;0.0;0.818;1.0
ENST00000609853_90_90;0.0;0.0;0.089;0.0;1.0;0.081;0.0
ENSMUST00000042503_90_90;0.928;0.919;0.966;0.818;0.081;1.0;0.835
ENSMUST00000114937_90_90;0.964;0.874;0.837;1.0;0.0;0.835;1.0
