;transcript7_ENSAPOG00000016134;transcript27_ENSAPOG00000016134;transcript32_ENSAPOG00000016134;transcript33_ENSAPOG00000016134;transcript35_ENSAPOG00000016134;transcript36_ENSAPOG00000016134;transcript37_ENSAPOG00000016134;transcript38_ENSAPOG00000016134;transcript7_ENSAPOG00000023408;transcript8_ENSAPOG00000023408;transcript27_ENSAPOG00000023408;transcript30_ENSAPOG00000023408;transcript32_ENSAPOG00000023408;transcript40_ENSAPOG00000023408;transcript41_ENSAPOG00000023408;transcript42_ENSAPOG00000023408;transcript43_ENSAPOG00000023408;transcript1_ENSAOCG00000015695;transcript8_ENSAOCG00000015695;transcript25_ENSAOCG00000015695;transcript26_ENSAOCG00000015695;transcript36_ENSAOCG00000015695;transcript37_ENSAOCG00000015695;transcript38_ENSAOCG00000015695;transcript22_ENSPNYG00000024266
transcript7_ENSAPOG00000016134;1.0;0.993;0.764;0.98;0.948;0.944;0.956;0.931;1.0;0.889;0.993;0.747;0.764;0.768;0.707;0.609;0.758;0.976;0.877;0.993;0.976;0.948;0.954;0.934;0.974
transcript27_ENSAPOG00000016134;0.993;1.0;0.77;0.986;0.956;0.951;0.962;0.939;0.993;0.896;1.0;0.754;0.77;0.775;0.714;0.615;0.766;0.982;0.885;1.0;0.983;0.954;0.96;0.941;0.98
transcript32_ENSAPOG00000016134;0.764;0.77;1.0;0.758;0.782;0.811;0.801;0.802;0.764;0.764;0.77;0.947;1.0;0.952;0.921;0.786;0.993;0.756;0.767;0.772;0.781;0.788;0.794;0.796;0.755
transcript33_ENSAPOG00000016134;0.98;0.986;0.758;1.0;0.943;0.938;0.95;0.926;0.982;0.886;0.988;0.744;0.76;0.765;0.705;0.607;0.756;0.972;0.875;0.988;0.972;0.944;0.95;0.93;0.994
transcript35_ENSAPOG00000016134;0.948;0.956;0.782;0.943;1.0;0.964;0.976;0.951;0.957;0.917;0.964;0.77;0.788;0.792;0.73;0.629;0.782;0.948;0.905;0.964;0.959;0.97;0.976;0.956;0.952
transcript36_ENSAPOG00000016134;0.944;0.951;0.811;0.938;0.964;1.0;0.988;0.986;0.944;0.919;0.951;0.791;0.811;0.816;0.752;0.649;0.806;0.934;0.912;0.951;0.962;0.974;0.98;0.983;0.932
transcript37_ENSAPOG00000016134;0.956;0.962;0.801;0.95;0.976;0.988;1.0;0.974;0.956;0.931;0.962;0.782;0.801;0.806;0.742;0.641;0.796;0.946;0.919;0.962;0.974;0.985;0.992;0.972;0.944
transcript38_ENSAPOG00000016134;0.931;0.939;0.802;0.926;0.951;0.986;0.974;1.0;0.933;0.909;0.941;0.785;0.804;0.809;0.745;0.641;0.799;0.924;0.901;0.941;0.952;0.962;0.968;0.984;0.922
transcript7_ENSAPOG00000023408;1.0;0.993;0.764;0.982;0.957;0.944;0.956;0.933;1.0;0.885;0.993;0.736;0.764;0.757;0.707;0.609;0.758;0.976;0.873;0.993;0.976;0.944;0.954;0.934;0.976
transcript8_ENSAPOG00000023408;0.889;0.896;0.764;0.886;0.917;0.919;0.931;0.909;0.885;1.0;0.892;0.732;0.762;0.756;0.703;0.599;0.757;0.877;0.981;0.892;0.907;0.929;0.928;0.913;0.881
transcript27_ENSAPOG00000023408;0.993;1.0;0.77;0.988;0.964;0.951;0.962;0.941;0.993;0.892;1.0;0.742;0.77;0.764;0.714;0.615;0.766;0.982;0.881;1.0;0.983;0.95;0.96;0.941;0.982
transcript30_ENSAPOG00000023408;0.747;0.754;0.947;0.744;0.77;0.791;0.782;0.785;0.736;0.732;0.742;1.0;0.923;0.916;0.85;0.724;0.917;0.741;0.746;0.755;0.763;0.768;0.776;0.777;0.764
transcript32_ENSAPOG00000023408;0.764;0.77;1.0;0.76;0.788;0.811;0.801;0.804;0.764;0.762;0.77;0.923;1.0;0.93;0.921;0.786;0.993;0.756;0.764;0.772;0.781;0.786;0.794;0.796;0.756
transcript40_ENSAPOG00000023408;0.768;0.775;0.952;0.765;0.792;0.816;0.806;0.809;0.757;0.756;0.764;0.916;0.93;1.0;0.881;0.752;0.924;0.76;0.768;0.775;0.784;0.789;0.798;0.8;0.762
transcript41_ENSAPOG00000023408;0.707;0.714;0.921;0.705;0.73;0.752;0.742;0.745;0.707;0.703;0.714;0.85;0.921;0.881;1.0;0.853;0.915;0.7;0.703;0.714;0.722;0.726;0.735;0.736;0.7
transcript42_ENSAPOG00000023408;0.609;0.615;0.786;0.607;0.629;0.649;0.641;0.641;0.609;0.599;0.615;0.724;0.786;0.752;0.853;1.0;0.779;0.602;0.61;0.615;0.623;0.626;0.633;0.633;0.602
transcript43_ENSAPOG00000023408;0.758;0.766;0.993;0.756;0.782;0.806;0.796;0.799;0.758;0.757;0.766;0.917;0.993;0.924;0.915;0.779;1.0;0.752;0.759;0.767;0.776;0.781;0.79;0.791;0.752
transcript1_ENSAOCG00000015695;0.976;0.982;0.756;0.972;0.948;0.934;0.946;0.924;0.976;0.877;0.982;0.741;0.756;0.76;0.7;0.602;0.752;1.0;0.857;0.974;0.962;0.906;0.935;0.916;0.989
transcript8_ENSAOCG00000015695;0.877;0.885;0.767;0.875;0.905;0.912;0.919;0.901;0.873;0.981;0.881;0.746;0.764;0.768;0.703;0.61;0.759;0.857;1.0;0.881;0.892;0.897;0.917;0.906;0.867
transcript25_ENSAOCG00000015695;0.993;1.0;0.772;0.988;0.964;0.951;0.962;0.941;0.993;0.892;1.0;0.755;0.772;0.775;0.714;0.615;0.767;0.974;0.881;1.0;0.978;0.929;0.96;0.941;0.98
transcript26_ENSAOCG00000015695;0.976;0.983;0.781;0.972;0.959;0.962;0.974;0.952;0.976;0.907;0.983;0.763;0.781;0.784;0.722;0.623;0.776;0.962;0.892;0.978;1.0;0.942;0.972;0.952;0.964
transcript36_ENSAOCG00000015695;0.948;0.954;0.788;0.944;0.97;0.974;0.985;0.962;0.944;0.929;0.95;0.768;0.786;0.789;0.726;0.626;0.781;0.906;0.897;0.929;0.942;1.0;0.967;0.948;0.942
transcript37_ENSAOCG00000015695;0.954;0.96;0.794;0.95;0.976;0.98;0.992;0.968;0.954;0.928;0.96;0.776;0.794;0.798;0.735;0.633;0.79;0.935;0.917;0.96;0.972;0.967;1.0;0.98;0.942
transcript38_ENSAOCG00000015695;0.934;0.941;0.796;0.93;0.956;0.983;0.972;0.984;0.934;0.913;0.941;0.777;0.796;0.8;0.736;0.633;0.791;0.916;0.906;0.941;0.952;0.948;0.98;1.0;0.922
transcript22_ENSPNYG00000024266;0.974;0.98;0.755;0.994;0.952;0.932;0.944;0.922;0.976;0.881;0.982;0.764;0.756;0.762;0.7;0.602;0.752;0.989;0.867;0.98;0.964;0.942;0.942;0.922;1.0
