;transcript2_ENSLAFG00000030854;transcript22_ENSPEMG00000024651;transcript22_ENSSTOG00000019743;transcript27_ENSSTOG00000019743;transcript2_ENSSTOG00000019743;transcript22_ENSNGAG00000018584;transcript2_ENSNGAG00000018584
transcript2_ENSLAFG00000030854;1.0;1.0;0.924;0.934;0.943;0.893;0.915
transcript22_ENSPEMG00000024651;1.0;1.0;0.957;0.957;0.957;0.923;0.934
transcript22_ENSSTOG00000019743;0.924;0.957;1.0;0.992;0.984;0.909;0.91
transcript27_ENSSTOG00000019743;0.934;0.957;0.992;1.0;0.992;0.897;0.923
transcript2_ENSSTOG00000019743;0.943;0.957;0.984;0.992;1.0;0.897;0.923
transcript22_ENSNGAG00000018584;0.893;0.923;0.909;0.897;0.897;1.0;0.98
transcript2_ENSNGAG00000018584;0.915;0.934;0.91;0.923;0.923;0.98;1.0
