;ENSCAFT00000014133_90_90;ENST00000351677_90_90;ENST00000392597_90_90;ENST00000530818_90_90;ENST00000635625_90_90;ENST00000635652_90_90;ENST00000639857_90_90;ENSMUST00000054547_90_90;ENSMUST00000100770_90_90
ENSCAFT00000014133_90_90;1.0;0.998;0.773;0.162;0.998;0.318;0.361;0.999;0.999
ENST00000351677_90_90;0.998;1.0;0.775;0.16;0.993;0.315;0.36;0.992;0.998
ENST00000392597_90_90;0.773;0.775;1.0;0.205;0.77;0.232;0.463;0.768;0.773
ENST00000530818_90_90;0.162;0.16;0.205;1.0;0.159;0.0;0.221;0.161;0.162
ENST00000635625_90_90;0.998;0.993;0.77;0.159;1.0;0.322;0.357;0.998;0.992
ENST00000635652_90_90;0.318;0.315;0.232;0.0;0.322;1.0;0.0;0.323;0.316
ENST00000639857_90_90;0.361;0.36;0.463;0.221;0.357;0.0;1.0;0.36;0.362
ENSMUST00000054547_90_90;0.999;0.992;0.768;0.161;0.998;0.323;0.36;1.0;0.993
ENSMUST00000100770_90_90;0.999;0.998;0.773;0.162;0.992;0.316;0.362;0.993;1.0
