;ENSCAFT00000020479_90_90;ENST00000318247_90_90;ENST00000356728_90_90;ENST00000638901_90_90;ENSMUST00000029795_90_90;ENSMUST00000197040_90_90;ENSMUST00000200009_90_90
ENSCAFT00000020479_90_90;1.0;0.808;0.75;0.2;0.954;0.659;0.51
ENST00000318247_90_90;0.808;1.0;0.726;0.041;0.781;0.808;0.511
ENST00000356728_90_90;0.75;0.726;1.0;0.0;0.641;0.829;0.758
ENST00000638901_90_90;0.2;0.041;0.0;1.0;0.267;0.0;0.0
ENSMUST00000029795_90_90;0.954;0.781;0.641;0.267;1.0;0.641;0.423
ENSMUST00000197040_90_90;0.659;0.808;0.829;0.0;0.641;1.0;0.503
ENSMUST00000200009_90_90;0.51;0.511;0.758;0.0;0.423;0.503;1.0
