;ENSCAFT00000035517_90_90;ENST00000302071_90_90;ENST00000356644_90_90;ENST00000436639_90_90;ENSMUST00000041438_90_90;ENSMUST00000099931_90_90
ENSCAFT00000035517_90_90;1.0;0.276;0.621;0.828;0.581;0.839
ENST00000302071_90_90;0.276;1.0;0.516;0.34;0.64;0.516
ENST00000356644_90_90;0.621;0.516;1.0;0.472;0.806;1.0
ENST00000436639_90_90;0.828;0.34;0.472;1.0;1.0;0.806
ENSMUST00000041438_90_90;0.581;0.64;0.806;1.0;1.0;0.472
ENSMUST00000099931_90_90;0.839;0.516;1.0;0.806;0.472;1.0
