;ENSCAFT00000018712_90_90;ENST00000236017_90_90;ENST00000360244_90_90;ENST00000369109_90_90;ENST00000414276_90_90;ENSMUST00000015894_90_90;ENSMUST00000056710_90_90;ENSMUST00000197081_90_90
ENSCAFT00000018712_90_90;1.0;0.0;0.0;1.0;1.0;0.0;1.0;0.0
ENST00000236017_90_90;0.0;1.0;0.429;0.333;0.25;0.429;0.333;0.25
ENST00000360244_90_90;0.0;0.429;1.0;0.6;0.4;1.0;0.6;0.286
ENST00000369109_90_90;1.0;0.333;0.6;1.0;0.778;0.6;1.0;0.222
ENST00000414276_90_90;1.0;0.25;0.4;0.778;1.0;0.4;0.778;0.286
ENSMUST00000015894_90_90;0.0;0.429;1.0;0.6;0.4;1.0;0.6;0.286
ENSMUST00000056710_90_90;1.0;0.333;0.6;1.0;0.778;0.6;1.0;0.222
ENSMUST00000197081_90_90;0.0;0.25;0.286;0.222;0.286;0.286;0.222;1.0
